/*--------------------------------*- C++ -*----------------------------------*\
| =========                 |                                                 |
| \\      /  F ield         | OpenFOAM: The Open Source CFD Toolbox           |
|  \\    /   O peration     | Version:  2.3.0                                 |
|   \\  /    A nd           | Web:      www.OpenFOAM.org                      |
|    \\/     M anipulation  |                                                 |
\*---------------------------------------------------------------------------*/
FoamFile
{
    version     2.0;
    format      ascii;
    class       dictionary;
    object      blockMeshDict;
}
// * * * * * * * * * * * * * * * * * * * * * * * * * * * * * * * * * * * * * //

convertToMeters 1;

vertices
(
        (0   0.0    -.1  )//0
        (12.56630039   0.0    -.1  )//1
        (12.56630039   1.3    -.1  )//2
        (0   1.3    -.1  )//3
        (0   0.0     .1  )//4
        (12.56630039   0.0     .1  )//5
        (12.56630039   1.3     .1  )//6
        (0   1.3     .1  )//7
        (12.56630039   2.0  -.1  )//8
        (0   2.0  -.1  )//9
        (0   2.0   .1  )//10
        (12.56630039   2.0   .1  )//11
);

blocks
(
        //hex (0 1 3 2 6 7 9 8) (40 25 30) simpleGrading (1 10.7028 1)
        hex (0 1 2 3 4 5 6 7)   (140 50 1) simpleGrading (1 10 1)
        hex (3 2 8 9 7 6 11 10) (140 50 1) simpleGrading (1 .1 1)
);


//EDGES-START
edges
(
spline 0 1 (
(0.0 0.0 -.1)
(0.00817935355 0.0 -.1)
(0.01635867916 0.0 -.1)
(0.02453809045 0.0 -.1)
(0.0327173695 0.0 -.1)
(0.04089676961 0.0 -.1)
(0.04907618091 0.0 -.1)
(0.05725545064 0.0 -.1)
(0.0654348582 0.0 -.1)
(0.07361414284 0.0 -.1)
(0.08179354668 0.0 -.1)
(0.08997295052 0.0 -.1)
(0.0981522277 0.0 -.1)
(0.1063316017 0.0 -.1)
(0.1145109013 0.0 -.1)
(0.1226902977 0.0 -.1)
(0.1308691949 0.0 -.1)
(0.1390486062 0.0 -.1)
(0.1472280025 0.0 -.1)
(0.1554073989 0.0 -.1)
(0.1635867953 0.0 -.1)
(0.1717662066 0.0 -.1)
(0.179945603 0.0 -.1)
(0.1881249994 0.0 -.1)
(0.1963045001 0.0 -.1)
(0.2044838965 0.0 -.1)
(0.2126632929 0.0 -.1)
(0.2208427042 0.0 -.1)
(0.2290221006 0.0 -.1)
(0.237201497 0.0 -.1)
(0.2453808933 0.0 -.1)
(0.2535603046 0.0 -.1)
(0.261739701 0.0 -.1)
(0.2699190974 0.0 -.1)
(0.2780984938 0.0 -.1)
(0.2862778902 0.0 -.1)
(0.2944572866 0.0 -.1)
(0.3026367128 0.0 -.1)
(0.3108161092 0.0 -.1)
(0.3189955056 0.0 -.1)
(0.327174902 0.0 -.1)
(0.3353531063 0.0 -.1)
(0.3435325027 0.0 -.1)
(0.351711899 0.0 -.1)
(0.3598912954 0.0 -.1)
(0.3680706918 0.0 -.1)
(0.3762500882 0.0 -.1)
(0.3844295144 0.0 -.1)
(0.3926089108 0.0 -.1)
(0.4007883072 0.0 -.1)
(0.4089677036 0.0 -.1)
(0.4171471 0.0 -.1)
(0.4253264964 0.0 -.1)
(0.4335058928 0.0 -.1)
(0.442075312 0.000056038 -.1)
(0.450261891 0.000070589 -.1)
(0.458448470 0.000087415 -.1)
(0.466635048 0.000106663 -.1)
(0.474821627 0.000128480 -.1)
(0.483008206 0.000153012 -.1)
(0.491194785 0.000180407 -.1)
(0.499381363 0.000210810 -.1)
(0.507567942 0.000244370 -.1)
(0.515754521 0.000281245 -.1)
(0.523941100 0.000321592 -.1)
(0.532127678 0.000365572 -.1)
(0.540314257 0.000413343 -.1)
(0.548500836 0.000465063 -.1)
(0.556687415 0.000520892 -.1)
(0.564873993 0.000580989 -.1)
(0.573060572 0.000645513 -.1)
(0.581247151 0.000714623 -.1)
(0.589433730 0.000788478 -.1)
(0.597620308 0.000867239 -.1)
(0.605806887 0.000951064 -.1)
(0.613993466 0.001040113 -.1)
(0.622180045 0.001134546 -.1)
(0.630366623 0.001234522 -.1)
(0.638553202 0.001340201 -.1)
(0.646739781 0.001451740 -.1)
(0.654926360 0.001569278 -.1)
(0.663112938 0.001692953 -.1)
(0.671299517 0.001822900 -.1)
(0.679486096 0.001959256 -.1)
(0.687672675 0.002102156 -.1)
(0.695859313 0.002251738 -.1)
(0.704045892 0.002408136 -.1)
(0.712232471 0.002571489 -.1)
(0.720419049 0.002741950 -.1)
(0.728605628 0.002919696 -.1)
(0.736792207 0.003104906 -.1)
(0.744978786 0.003297757 -.1)
(0.753165364 0.003498428 -.1)
(0.761351943 0.003707096 -.1)
(0.769538522 0.003923939 -.1)
(0.777725101 0.004149136 -.1)
(0.785911679 0.004382855 -.1)
(0.794098258 0.004625224 -.1)
(0.802284837 0.004876355 -.1)
(0.810471416 0.005136360 -.1)
(0.818657994 0.005405352 -.1)
(0.826844573 0.005683443 -.1)
(0.835031152 0.005970746 -.1)
(0.843217731 0.006267373 -.1)
(0.851404309 0.006573438 -.1)
(0.859590888 0.006889097 -.1)
(0.867777467 0.007214562 -.1)
(0.875964046 0.007550049 -.1)
(0.884150624 0.007895771 -.1)
(0.892337203 0.008251946 -.1)
(0.900523782 0.008618787 -.1)
(0.908710361 0.008996510 -.1)
(0.916896939 0.009385329 -.1)
(0.925083518 0.009785438 -.1)
(0.933270097 0.010196906 -.1)
(0.941456676 0.010619761 -.1)
(0.949643254 0.011054031 -.1)
(0.957829833 0.011499745 -.1)
(0.966016412 0.011956929 -.1)
(0.974202991 0.012425614 -.1)
(0.982389569 0.012905825 -.1)
(0.990576148 0.013397594 -.1)
(0.998762727 0.013901043 -.1)
(1.006949310 0.014416407 -.1)
(1.015135880 0.014943930 -.1)
(1.023322460 0.015483857 -.1)
(1.031509040 0.016036430 -.1)
(1.039695620 0.016601892 -.1)
(1.047882200 0.017180488 -.1)
(1.056068780 0.017772460 -.1)
(1.064255360 0.018378038 -.1)
(1.072441940 0.018997356 -.1)
(1.080628510 0.019630529 -.1)
(1.088815090 0.020277664 -.1)
(1.097001670 0.020938870 -.1)
(1.105188250 0.021614257 -.1)
(1.113374830 0.022303937 -.1)
(1.121561410 0.023008017 -.1)
(1.129747990 0.023726607 -.1)
(1.137934570 0.024459811 -.1)
(1.146121140 0.025207726 -.1)
(1.154307720 0.025970448 -.1)
(1.162494300 0.026748072 -.1)
(1.170680880 0.027540697 -.1)
(1.178867460 0.028348414 -.1)
(1.187054040 0.029171323 -.1)
(1.195240620 0.030009521 -.1)
(1.203427200 0.030863095 -.1)
(1.211613770 0.031732112 -.1)
(1.219800350 0.032616627 -.1)
(1.227986930 0.033516698 -.1)
(1.236173510 0.034432385 -.1)
(1.244360090 0.035363741 -.1)
(1.252546670 0.036310822 -.1)
(1.260733250 0.037273694 -.1)
(1.268919830 0.038252410 -.1)
(1.277106400 0.039247155 -.1)
(1.285292980 0.040258247 -.1)
(1.293479560 0.041285988 -.1)
(1.301666140 0.042330701 -.1)
(1.309852720 0.043392696 -.1)
(1.318039300 0.044472285 -.1)
(1.326225880 0.045569781 -.1)
(1.334412460 0.046685506 -.1)
(1.342599030 0.047819674 -.1)
(1.350785610 0.048972197 -.1)
(1.358972190 0.050142899 -.1)
(1.367158770 0.051331613 -.1)
(1.375345350 0.052538171 -.1)
(1.383531930 0.053762406 -.1)
(1.391718630 0.055004150 -.1)
(1.399905200 0.056263231 -.1)
(1.408091780 0.057539500 -.1)
(1.416278360 0.058833107 -.1)
(1.424464940 0.060144406 -.1)
(1.432651520 0.061473753 -.1)
(1.440838100 0.062821515 -.1)
(1.449024680 0.064188048 -.1)
(1.457211260 0.065573715 -.1)
(1.465397830 0.066978879 -.1)
(1.473584410 0.068403885 -.1)
(1.481770990 0.069848977 -.1)
(1.489957570 0.071314096 -.1)
(1.498144150 0.072799146 -.1)
(1.506330730 0.074304044 -.1)
(1.514517310 0.075828709 -.1)
(1.522703890 0.077373035 -.1)
(1.530890460 0.078936942 -.1)
(1.539077040 0.080520332 -.1)
(1.547263620 0.082123145 -.1)
(1.555450200 0.083745405 -.1)
(1.563636780 0.085387163 -.1)
(1.571823360 0.087048508 -.1)
(1.580009940 0.088729486 -.1)
(1.588196520 0.090430178 -.1)
(1.596383090 0.092150644 -.1)
(1.604569670 0.093890950 -.1)
(1.612756250 0.095651165 -.1)
(1.620942830 0.097431392 -.1)
(1.629129410 0.099231765 -.1)
(1.637315990 0.101052441 -.1)
(1.645502570 0.102893539 -.1)
(1.653689150 0.104755215 -.1)
(1.661875720 0.106637605 -.1)
(1.670062300 0.108540848 -.1)
(1.678248880 0.110465087 -.1)
(1.686435460 0.112410456 -.1)
(1.694622040 0.114377059 -.1)
(1.702808620 0.116365023 -.1)
(1.710995200 0.118374452 -.1)
(1.719181780 0.120405465 -.1)
(1.727368350 0.122458167 -.1)
(1.735554930 0.124532685 -.1)
(1.743741510 0.126629114 -.1)
(1.751928090 0.128747523 -.1)
(1.760114670 0.130887657 -.1)
(1.768301250 0.133049220 -.1)
(1.776487830 0.135231882 -.1)
(1.784674410 0.137435332 -.1)
(1.792860980 0.139659226 -.1)
(1.801047560 0.141903281 -.1)
(1.809234140 0.144167155 -.1)
(1.817420720 0.146450579 -.1)
(1.825607300 0.148753852 -.1)
(1.833793880 0.151077524 -.1)
(1.841980460 0.153422177 -.1)
(1.850167040 0.155788362 -.1)
(1.858353610 0.158176661 -.1)
(1.866540190 0.160587639 -.1)
(1.874726770 0.163021863 -.1)
(1.882913350 0.165479869 -.1)
(1.891099930 0.167961583 -.1)
(1.899286510 0.170466408 -.1)
(1.907473090 0.172993690 -.1)
(1.915659670 0.175542802 -.1)
(1.923846240 0.178113118 -.1)
(1.932032820 0.180703998 -.1)
(1.940219400 0.183314815 -.1)
(1.948405980 0.185944945 -.1)
(1.956592560 0.188594222 -.1)
(1.964779140 0.191263020 -.1)
(1.972965720 0.193951771 -.1)
(1.981152300 0.196660846 -.1)
(1.989338870 0.199390709 -.1)
(1.997525450 0.202141732 -.1)
(2.005712030 0.204914346 -.1)
(2.013898610 0.207708955 -.1)
(2.022085190 0.210525796 -.1)
(2.030271770 0.213364854 -.1)
(2.038458350 0.216226101 -.1)
(2.046644930 0.219109491 -.1)
(2.054831500 0.222014993 -.1)
(2.063018080 0.224942550 -.1)
(2.071204660 0.227892131 -.1)
(2.079391240 0.230863720 -.1)
(2.087577820 0.233857155 -.1)
(2.095764400 0.236871824 -.1)
(2.103950980 0.239906952 -.1)
(2.112137560 0.242961794 -.1)
(2.120324130 0.246035561 -.1)
(2.128510710 0.249127477 -.1)
(2.136697290 0.252236784 -.1)
(2.144883870 0.255362749 -.1)
(2.153070450 0.258504778 -.1)
(2.161257030 0.261662871 -.1)
(2.169443610 0.264836967 -.1)
(2.177630190 0.268027067 -.1)
(2.185816760 0.271233112 -.1)
(2.194003340 0.274455070 -.1)
(2.202189920 0.277692944 -.1)
(2.210376500 0.280946702 -.1)
(2.218563080 0.284216255 -.1)
(2.226749660 0.287501276 -.1)
(2.234936240 0.290801376 -.1)
(2.243122820 0.294116139 -.1)
(2.251309390 0.297445238 -.1)
(2.259495970 0.300788254 -.1)
(2.267682550 0.304144800 -.1)
(2.275869130 0.307514459 -.1)
(2.284055710 0.310896784 -.1)
(2.292242290 0.314291000 -.1)
(2.300428870 0.317696393 -.1)
(2.308615450 0.321112305 -.1)
(2.316802020 0.324537963 -.1)
(2.324988600 0.327972680 -.1)
(2.333175180 0.331415743 -.1)
(2.341361760 0.334866405 -.1)
(2.349548340 0.338323981 -.1)
(2.357734920 0.341787696 -.1)
(2.365921500 0.345256895 -.1)
(2.374108080 0.348730773 -.1)
(2.382294650 0.352208644 -.1)
(2.390481230 0.355689764 -.1)
(2.398667810 0.359173417 -.1)
(2.406854390 0.362658888 -.1)
(2.415040970 0.366145730 -.1)
(2.423227550 0.369633704 -.1)
(2.431414130 0.373122573 -.1)
(2.439600710 0.376612127 -.1)
(2.447787280 0.380102128 -.1)
(2.455973860 0.383592337 -.1)
(2.464160440 0.387082547 -.1)
(2.472347020 0.390572369 -.1)
(2.480533600 0.394060791 -.1)
(2.488720180 0.397546619 -.1)
(2.496906760 0.401028723 -.1)
(2.505093340 0.404505879 -.1)
(2.513279910 0.407976925 -.1)
(2.521466490 0.411440700 -.1)
(2.529653070 0.414896041 -.1)
(2.537839650 0.418341815 -.1)
(2.546026230 0.421777785 -.1)
(2.554212810 0.425203890 -.1)
(2.562399390 0.428620189 -.1)
(2.570585970 0.432026654 -.1)
(2.578772540 0.435423315 -.1)
(2.586959120 0.438810170 -.1)
(2.595145700 0.442187250 -.1)
(2.603332280 0.445554286 -.1)
(2.611518860 0.448910445 -.1)
(2.619705440 0.452254742 -.1)
(2.627892020 0.455586195 -.1)
(2.636078600 0.458903879 -.1)
(2.644265170 0.462206811 -.1)
(2.652451750 0.465493977 -.1)
(2.660638330 0.468764484 -.1)
(2.668824910 0.472017527 -.1)
(2.677011490 0.475252688 -.1)
(2.685198070 0.478469461 -.1)
(2.693384650 0.481667399 -.1)
(2.701571230 0.484846026 -.1)
(2.709757800 0.488004893 -.1)
(2.717944380 0.491143495 -.1)
(2.726130960 0.494261384 -.1)
(2.734317540 0.497358143 -.1)
(2.742504120 0.500433505 -.1)
(2.750690700 0.503487229 -.1)
(2.758877280 0.506518960 -.1)
(2.767063860 0.509528518 -.1)
(2.775250430 0.512515604 -.1)
(2.783437250 0.515479922 -.1)
(2.791623830 0.518421233 -.1)
(2.799810410 0.521339118 -.1)
(2.807996990 0.524232805 -.1)
(2.816183570 0.527101636 -.1)
(2.824370150 0.529944897 -.1)
(2.832556720 0.532761931 -.1)
(2.840743300 0.535552025 -.1)
(2.848929880 0.538314462 -.1)
(2.857116460 0.541048527 -.1)
(2.865303040 0.543753684 -.1)
(2.873489620 0.546429694 -.1)
(2.881676200 0.549076498 -.1)
(2.889862780 0.551693916 -.1)
(2.898049350 0.554281831 -.1)
(2.906235930 0.556840181 -.1)
(2.914422510 0.559368789 -.1)
(2.922609090 0.561867535 -.1)
(2.930795670 0.564336360 -.1)
(2.938982250 0.566775203 -.1)
(2.947168830 0.569184065 -.1)
(2.955355410 0.571563005 -.1)
(2.963541980 0.573912024 -.1)
(2.971728560 0.576231122 -.1)
(2.979915140 0.578520298 -.1)
(2.988101720 0.580779552 -.1)
(2.996288300 0.583008766 -.1)
(3.004474880 0.585207582 -.1)
(3.012661460 0.587375581 -.1)
(3.020848040 0.589512527 -.1)
(3.029034610 0.591617823 -.1)
(3.037221190 0.593691289 -.1)
(3.045407770 0.595732391 -.1)
(3.053594350 0.597740769 -.1)
(3.061780930 0.599716127 -.1)
(3.069967510 0.601658404 -.1)
(3.078154090 0.603567779 -.1)
(3.086340670 0.605444491 -.1)
(3.094527240 0.607288659 -.1)
(3.102713820 0.609100461 -.1)
(3.110900400 0.610880077 -.1)
(3.119086980 0.612627745 -.1)
(3.127273560 0.614343584 -.1)
(3.135460140 0.616027832 -.1)
(3.143646720 0.617680490 -.1)
(3.151833300 0.619301796 -.1)
(3.160019870 0.620891869 -.1)
(3.168206450 0.622450888 -.1)
(3.176393030 0.623978913 -.1)
(3.184579610 0.625476122 -.1)
(3.192766190 0.626942635 -.1)
(3.200952770 0.628378689 -.1)
(3.209139350 0.629784286 -.1)
(3.217325930 0.631159663 -.1)
(3.225512500 0.632505000 -.1)
(3.233699080 0.633820355 -.1)
(3.241885660 0.635105968 -.1)
(3.250072240 0.636361897 -.1)
(3.258258820 0.637588382 -.1)
(3.266445400 0.638785541 -.1)
(3.274631980 0.639953673 -.1)
(3.282818560 0.641093016 -.1)
(3.291005130 0.642203927 -.1)
(3.299191710 0.643286765 -.1)
(3.307378290 0.644341826 -.1)
(3.315564870 0.645369351 -.1)
(3.323751450 0.646369696 -.1)
(3.331938030 0.647343218 -.1)
(3.340124610 0.648290157 -.1)
(3.348311190 0.649210811 -.1)
(3.356497760 0.650105476 -.1)
(3.364684340 0.650974452 -.1)
(3.372870920 0.651817977 -.1)
(3.381057500 0.652636290 -.1)
(3.389244080 0.653429806 -.1)
(3.397430660 0.654198647 -.1)
(3.405617240 0.654943228 -.1)
(3.413803820 0.655663610 -.1)
(3.421990390 0.656359911 -.1)
(3.430176970 0.657032192 -.1)
(3.438363550 0.657680571 -.1)
(3.446550130 0.658305168 -.1)
(3.454736710 0.658905983 -.1)
(3.462923290 0.659483194 -.1)
(3.471109870 0.660036862 -.1)
(3.479296450 0.660567045 -.1)
(3.487483020 0.661073983 -.1)
(3.495669600 0.661557734 -.1)
(3.503856180 0.662018597 -.1)
(3.512042760 0.662456632 -.1)
(3.520229340 0.662872016 -.1)
(3.528415920 0.663264930 -.1)
(3.536602500 0.663635612 -.1)
(3.544789080 0.663984120 -.1)
(3.552975650 0.664310634 -.1)
(3.561162230 0.664615393 -.1)
(3.569348810 0.664898515 -.1)
(3.577535390 0.665160120 -.1)
(3.585721970 0.665400386 -.1)
(3.593908550 0.665619552 -.1)
(3.602095130 0.665817678 -.1)
(3.610281710 0.665995002 -.1)
(3.618468280 0.666151583 -.1)
(3.626654860 0.666287720 -.1)
(3.634841440 0.666403353 -.1)
(3.643028020 0.666498661 -.1)
(3.651214600 0.666573763 -.1)
(3.659401180 0.666628718 -.1)
(3.667587760 0.666663647 -.1)
(3.675774340 0.666678667 -.1)
(3.683960910 0.666673839 -.1)
(3.692147490 0.666649342 -.1)
(3.700334070 0.666605294 -.1)
(3.708520650 0.666541696 -.1)
(3.716707230 0.666458786 -.1)
(3.724893810 0.666356683 -.1)
(3.733080390 0.666235507 -.1)
(3.741266970 0.666095316 -.1)
(3.749453540 0.665936291 -.1)
(3.757640120 0.665758550 -.1)
(3.765826700 0.665562272 -.1)
(3.774013280 0.665347457 -.1)
(3.782199860 0.665114284 -.1)
(3.790386440 0.664862752 -.1)
(3.798573020 0.664593101 -.1)
(3.806759600 0.664305329 -.1)
(3.814946170 0.663999498 -.1)
(3.823132750 0.663675845 -.1)
(3.831319330 0.663334310 -.1)
(3.839505910 0.662975073 -.1)
(3.847692490 0.662598193 -.1)
(3.855879070 0.662203670 -.1)
(3.864065650 0.661791623 -.1)
(3.872252230 0.661361992 -.1)
(3.880438800 0.660914838 -.1)
(3.888625380 0.660450339 -.1)
(3.896811960 0.659968376 -.1)
(3.904998540 0.659469068 -.1)
(3.913185120 0.658952534 -.1)
(3.921371700 0.658418953 -.1)
(3.929558280 0.657868624 -.1)
(3.937744860 0.657301664 -.1)
(3.945931430 0.656718373 -.1)
(3.954118010 0.656118929 -.1)
(3.962304590 0.655503571 -.1)
(3.970491170 0.654872596 -.1)
(3.978677750 0.654226124 -.1)
(3.986864330 0.653564274 -.1)
(3.995050910 0.652886927 -.1)
(4.003237720 0.652193964 -.1)
(4.011424060 0.651485324 -.1)
(4.019610880 0.650760889 -.1)
(4.027797220 0.650020540 -.1)
(4.035984040 0.649264157 -.1)
(4.044170380 0.648491681 -.1)
(4.052357200 0.647702932 -.1)
(4.060543540 0.646898150 -.1)
(4.068730350 0.646077454 -.1)
(4.076916690 0.645241082 -.1)
(4.085103510 0.644389272 -.1)
(4.093289850 0.643522203 -.1)
(4.101476670 0.642640114 -.1)
(4.109663010 0.641743243 -.1)
(4.117849830 0.640831769 -.1)
(4.126036170 0.639905930 -.1)
(4.134222980 0.638965786 -.1)
(4.142409320 0.638011396 -.1)
(4.150596140 0.637042880 -.1)
(4.158782480 0.636060238 -.1)
(4.166969300 0.635063648 -.1)
(4.175155640 0.634053051 -.1)
(4.183342460 0.633028567 -.1)
(4.191528800 0.631990314 -.1)
(4.199715610 0.630938292 -.1)
(4.207901950 0.629872561 -.1)
(4.216088770 0.628793061 -.1)
(4.224275110 0.627699852 -.1)
(4.232461930 0.626592994 -.1)
(4.240648270 0.625472367 -.1)
(4.248835090 0.624338090 -.1)
(4.257021430 0.623190165 -.1)
(4.265208240 0.622028649 -.1)
(4.273394580 0.620853424 -.1)
(4.281581400 0.619664788 -.1)
(4.289767740 0.618462622 -.1)
(4.297954560 0.617247164 -.1)
(4.306140900 0.616018474 -.1)
(4.314327720 0.614776552 -.1)
(4.322514060 0.613521576 -.1)
(4.330700870 0.612253547 -.1)
(4.338887210 0.610972583 -.1)
(4.347074030 0.609678805 -.1)
(4.355260370 0.608372211 -.1)
(4.363447190 0.607052922 -.1)
(4.371633530 0.605720937 -.1)
(4.379820350 0.604376435 -.1)
(4.388006690 0.603019357 -.1)
(4.396193500 0.601649821 -.1)
(4.404379840 0.600267887 -.1)
(4.412566660 0.598873675 -.1)
(4.420753000 0.597467124 -.1)
(4.428939820 0.596048355 -.1)
(4.437126160 0.594617307 -.1)
(4.445312980 0.593174100 -.1)
(4.453499320 0.591718793 -.1)
(4.461686130 0.590251327 -.1)
(4.469872470 0.588771820 -.1)
(4.478059290 0.587280214 -.1)
(4.486245630 0.585776746 -.1)
(4.494432450 0.584261477 -.1)
(4.502618790 0.582734764 -.1)
(4.510805610 0.581196725 -.1)
(4.518991950 0.579647541 -.1)
(4.527178760 0.578087449 -.1)
(4.535365100 0.576516628 -.1)
(4.543551920 0.574935377 -.1)
(4.551738260 0.573343754 -.1)
(4.559925080 0.571741879 -.1)
(4.568111420 0.570129633 -.1)
(4.576298240 0.568507016 -.1)
(4.584484580 0.566873908 -.1)
(4.592671390 0.565230429 -.1)
(4.600857730 0.563576341 -.1)
(4.609044550 0.561911762 -.1)
(4.617230890 0.560236514 -.1)
(4.625417710 0.558550715 -.1)
(4.633604050 0.556854248 -.1)
(4.641790870 0.555147171 -.1)
(4.649977210 0.553429484 -.1)
(4.658164020 0.551701248 -.1)
(4.666350360 0.549962401 -.1)
(4.674537180 0.548213065 -.1)
(4.682723520 0.546453178 -.1)
(4.690910340 0.544682741 -.1)
(4.699096680 0.542902052 -.1)
(4.707283500 0.541111350 -.1)
(4.715469840 0.539311051 -.1)
(4.723656650 0.537501454 -.1)
(4.731842990 0.535682976 -.1)
(4.740029810 0.533855855 -.1)
(4.748216150 0.532020509 -.1)
(4.756402970 0.530177236 -.1)
(4.764589310 0.528326392 -.1)
(4.772776130 0.526467919 -.1)
(4.780962470 0.524601519 -.1)
(4.789149280 0.522727072 -.1)
(4.797335620 0.520844162 -.1)
(4.805522440 0.518952668 -.1)
(4.813708780 0.517052233 -.1)
(4.821895600 0.515142620 -.1)
(4.830081940 0.513223648 -.1)
(4.838268760 0.511295259 -.1)
(4.846455100 0.509357929 -.1)
(4.854641910 0.507412076 -.1)
(4.862828250 0.505458236 -.1)
(4.871015070 0.503496766 -.1)
(4.879201410 0.501528263 -.1)
(4.887388230 0.499553084 -.1)
(4.895574570 0.497571766 -.1)
(4.903761390 0.495584756 -.1)
(4.911947730 0.493592381 -.1)
(4.920134540 0.491594642 -.1)
(4.928320880 0.489591330 -.1)
(4.936507700 0.487582296 -.1)
(4.944694040 0.485567361 -.1)
(4.952880860 0.483546376 -.1)
(4.961067200 0.481519133 -.1)
(4.969254020 0.479485482 -.1)
(4.977440360 0.477445275 -.1)
(4.985627170 0.475398540 -.1)
(4.993813510 0.473345399 -.1)
(5.002000330 0.471285999 -.1)
(5.010186670 0.469220430 -.1)
(5.018373490 0.467148900 -.1)
(5.026559830 0.465071499 -.1)
(5.034746650 0.462988377 -.1)
(5.042932990 0.460899651 -.1)
(5.051119800 0.458805531 -.1)
(5.059306140 0.456706315 -.1)
(5.067492960 0.454602301 -.1)
(5.075679300 0.452493817 -.1)
(5.083866120 0.450381130 -.1)
(5.092052460 0.448264569 -.1)
(5.100239280 0.446144402 -.1)
(5.108425620 0.444020987 -.1)
(5.116612430 0.441894472 -.1)
(5.124798770 0.439764857 -.1)
(5.132985590 0.437632024 -.1)
(5.141171930 0.435495853 -.1)
(5.149358750 0.433356196 -.1)
(5.157545090 0.431212991 -.1)
(5.165731910 0.429066092 -.1)
(5.173918250 0.426915407 -.1)
(5.182105060 0.424760848 -.1)
(5.190291400 0.422602594 -.1)
(5.198478220 0.420440912 -.1)
(5.206664560 0.418276191 -.1)
(5.214851380 0.416108727 -.1)
(5.223037720 0.413938820 -.1)
(5.231224540 0.411766827 -.1)
(5.239410880 0.409593046 -.1)
(5.247597690 0.407417774 -.1)
(5.255784030 0.405241370 -.1)
(5.263970850 0.403063923 -.1)
(5.272157190 0.400885284 -.1)
(5.280344010 0.398705363 -.1)
(5.288530350 0.396524012 -.1)
(5.296717170 0.394341171 -.1)
(5.304903510 0.392156661 -.1)
(5.313090320 0.389970392 -.1)
(5.321276660 0.387782276 -.1)
(5.329463480 0.385592222 -.1)
(5.337649820 0.383400351 -.1)
(5.345836640 0.381206810 -.1)
(5.354022980 0.379011720 -.1)
(5.362209800 0.376815230 -.1)
(5.370396140 0.374617457 -.1)
(5.378582950 0.372418523 -.1)
(5.386769290 0.370218575 -.1)
(5.394956110 0.368017733 -.1)
(5.403142450 0.365816265 -.1)
(5.411329270 0.363614321 -.1)
(5.419515610 0.361412227 -.1)
(5.427702430 0.359210163 -.1)
(5.435888770 0.357008368 -.1)
(5.444075580 0.354807079 -.1)
(5.452261920 0.352606535 -.1)
(5.460448740 0.350407004 -.1)
(5.468635080 0.348208576 -.1)
(5.476821900 0.346011341 -.1)
(5.485008240 0.343815416 -.1)
(5.493195060 0.341620803 -.1)
(5.501381400 0.339427620 -.1)
(5.509568210 0.337235898 -.1)
(5.517754550 0.335045755 -.1)
(5.525941370 0.332857221 -.1)
(5.534127710 0.330670387 -.1)
(5.542314530 0.328485310 -.1)
(5.550500870 0.326302022 -.1)
(5.558687690 0.324120581 -.1)
(5.566874500 0.321941048 -.1)
(5.575060840 0.319763511 -.1)
(5.583247660 0.317587972 -.1)
(5.591434000 0.315414518 -.1)
(5.599620820 0.313243181 -.1)
(5.607807160 0.311073899 -.1)
(5.615993980 0.308906585 -.1)
(5.624180320 0.306741118 -.1)
(5.632367130 0.304577410 -.1)
(5.640553470 0.302415341 -.1)
(5.648740290 0.300254792 -.1)
(5.656926630 0.298095673 -.1)
(5.665113450 0.295937866 -.1)
(5.673299790 0.293781310 -.1)
(5.681486610 0.291626364 -.1)
(5.689672950 0.289473593 -.1)
(5.697859760 0.287323594 -.1)
(5.706046100 0.285176933 -.1)
(5.714232920 0.283034205 -.1)
(5.722419260 0.280895978 -.1)
(5.730606080 0.278762877 -.1)
(5.738792420 0.276635408 -.1)
(5.746979240 0.274513870 -.1)
(5.755165580 0.272397846 -.1)
(5.763352390 0.270286977 -.1)
(5.771538730 0.268180847 -.1)
(5.779725550 0.266079098 -.1)
(5.787911890 0.263981283 -.1)
(5.796098710 0.261887074 -.1)
(5.804285050 0.259796023 -.1)
(5.812471870 0.257707864 -.1)
(5.820658210 0.255622834 -.1)
(5.828845020 0.253541350 -.1)
(5.837031360 0.251463771 -.1)
(5.845218180 0.249390557 -.1)
(5.853404520 0.247322068 -.1)
(5.861591340 0.245258704 -.1)
(5.869777680 0.243200883 -.1)
(5.877964500 0.241148993 -.1)
(5.886150840 0.239103109 -.1)
(5.894337650 0.237063065 -.1)
(5.902523990 0.235028625 -.1)
(5.910710810 0.232999608 -.1)
(5.918897150 0.230975807 -.1)
(5.927083970 0.228957012 -.1)
(5.935270310 0.226943031 -.1)
(5.943457130 0.224933654 -.1)
(5.951643470 0.222928792 -.1)
(5.959830280 0.220928699 -.1)
(5.968016620 0.218933672 -.1)
(5.976203440 0.216944054 -.1)
(5.984389780 0.214960143 -.1)
(5.992576600 0.212982267 -.1)
(6.000762940 0.211010724 -.1)
(6.008949760 0.209045842 -.1)
(6.017136100 0.207087934 -.1)
(6.025322910 0.205137134 -.1)
(6.033509250 0.203193471 -.1)
(6.041696070 0.201256961 -.1)
(6.049882410 0.199327663 -.1)
(6.058069230 0.197405592 -.1)
(6.066255570 0.195490763 -.1)
(6.074442390 0.193583220 -.1)
(6.082628730 0.191682994 -.1)
(6.090815540 0.189790115 -.1)
(6.099001880 0.187904507 -.1)
(6.107188700 0.186026037 -.1)
(6.115375040 0.184154615 -.1)
(6.123561860 0.182290077 -.1)
(6.131748200 0.180432320 -.1)
(6.139935020 0.178581193 -.1)
(6.148121360 0.176736593 -.1)
(6.156308170 0.174898386 -.1)
(6.164494510 0.173066527 -.1)
(6.172681330 0.171241283 -.1)
(6.180867670 0.169422954 -.1)
(6.189054490 0.167611837 -.1)
(6.197240830 0.165808216 -.1)
(6.205427650 0.164012402 -.1)
(6.213613990 0.162224710 -.1)
(6.221800800 0.160445422 -.1)
(6.229987140 0.158674806 -.1)
(6.238173960 0.156912878 -.1)
(6.246360300 0.155159399 -.1)
(6.254547120 0.153414175 -.1)
(6.262733460 0.151676953 -.1)
(6.270920280 0.149947509 -.1)
(6.279106620 0.148225650 -.1)
(6.287293430 0.146511137 -.1)
(6.295479770 0.144803748 -.1)
(6.303666590 0.143103421 -.1)
(6.311852930 0.141410500 -.1)
(6.320039750 0.139725462 -.1)
(6.328226090 0.138048708 -.1)
(6.336412910 0.136380702 -.1)
(6.344599250 0.134721875 -.1)
(6.352786060 0.133072689 -.1)
(6.360972400 0.131433561 -.1)
(6.369159220 0.129804909 -.1)
(6.377345560 0.128186688 -.1)
(6.385532380 0.126578465 -.1)
(6.393718720 0.124979831 -.1)
(6.401905540 0.123390354 -.1)
(6.410091880 0.121809617 -.1)
(6.418278690 0.120237201 -.1)
(6.426465030 0.118672684 -.1)
(6.434651850 0.117115639 -.1)
(6.442838190 0.115565814 -.1)
(6.451025010 0.114023566 -.1)
(6.459211350 0.112489358 -.1)
(6.467398170 0.110963672 -.1)
(6.475584510 0.109446988 -.1)
(6.483771320 0.107939787 -.1)
(6.491957660 0.106442533 -.1)
(6.500144480 0.104955710 -.1)
(6.508330820 0.103479803 -.1)
(6.516517640 0.102015145 -.1)
(6.524703980 0.100561552 -.1)
(6.532890800 0.099118702 -.1)
(6.541077140 0.097686261 -.1)
(6.549263950 0.096263915 -.1)
(6.557450290 0.094851323 -.1)
(6.565637110 0.093448169 -.1)
(6.573823450 0.092054129 -.1)
(6.582010270 0.090668872 -.1)
(6.590196610 0.089292333 -.1)
(6.598383430 0.087924749 -.1)
(6.606569770 0.086566381 -.1)
(6.614756580 0.085217483 -.1)
(6.622942920 0.083878323 -.1)
(6.631129740 0.082549162 -.1)
(6.639316080 0.081230260 -.1)
(6.647502900 0.079921871 -.1)
(6.655689240 0.078624219 -.1)
(6.663876060 0.077337272 -.1)
(6.672062400 0.076060891 -.1)
(6.680249210 0.074794918 -.1)
(6.688435550 0.073539227 -.1)
(6.696622370 0.072293669 -.1)
(6.704808710 0.071058102 -.1)
(6.712995530 0.069832377 -.1)
(6.721181870 0.068616360 -.1)
(6.729368690 0.067409992 -.1)
(6.737555030 0.066213407 -.1)
(6.745741840 0.065026768 -.1)
(6.753928180 0.063850239 -.1)
(6.762115000 0.062683970 -.1)
(6.770301340 0.061528135 -.1)
(6.778488160 0.060382884 -.1)
(6.786674500 0.059248380 -.1)
(6.794861320 0.058124773 -.1)
(6.803047660 0.057012107 -.1)
(6.811234470 0.055910330 -.1)
(6.819420810 0.054819398 -.1)
(6.827607630 0.053739253 -.1)
(6.835793970 0.052669857 -.1)
(6.843980790 0.051611148 -.1)
(6.852167130 0.050563086 -.1)
(6.860353950 0.049525619 -.1)
(6.868540290 0.048498709 -.1)
(6.876727100 0.047482375 -.1)
(6.884913440 0.046476651 -.1)
(6.893100260 0.045481574 -.1)
(6.901286600 0.044497173 -.1)
(6.909473420 0.043523487 -.1)
(6.917659760 0.042560548 -.1)
(6.925846580 0.041608390 -.1)
(6.934032920 0.040667046 -.1)
(6.942219730 0.039736550 -.1)
(6.950406070 0.038816947 -.1)
(6.958592890 0.037908267 -.1)
(6.966779230 0.037010554 -.1)
(6.974966050 0.036123846 -.1)
(6.983152390 0.035248183 -.1)
(6.991339210 0.034383606 -.1)
(6.999525550 0.033530150 -.1)
(7.007712360 0.032687858 -.1)
(7.015898700 0.031856734 -.1)
(7.024085520 0.031036729 -.1)
(7.032271860 0.030227775 -.1)
(7.040458680 0.029429806 -.1)
(7.048645020 0.028642761 -.1)
(7.056831840 0.027866574 -.1)
(7.065018180 0.027101181 -.1)
(7.073204990 0.026346518 -.1)
(7.081391330 0.025602523 -.1)
(7.089578150 0.024869177 -.1)
(7.097764490 0.024146503 -.1)
(7.105951310 0.023434527 -.1)
(7.114137650 0.022733273 -.1)
(7.122324470 0.022042763 -.1)
(7.130510810 0.021363026 -.1)
(7.138697620 0.020694083 -.1)
(7.146883960 0.020035958 -.1)
(7.155070780 0.019388679 -.1)
(7.163257120 0.018752284 -.1)
(7.171443940 0.018126810 -.1)
(7.179630280 0.017512297 -.1)
(7.187817100 0.016908787 -.1)
(7.196003440 0.016316319 -.1)
(7.204190250 0.015734933 -.1)
(7.212376590 0.015164670 -.1)
(7.220563410 0.014605570 -.1)
(7.228749750 0.014057648 -.1)
(7.236936570 0.013520863 -.1)
(7.245122910 0.012995160 -.1)
(7.253309730 0.012480490 -.1)
(7.261496070 0.011976800 -.1)
(7.269682880 0.011484037 -.1)
(7.277869220 0.011002150 -.1)
(7.286056040 0.010531087 -.1)
(7.294242380 0.010070794 -.1)
(7.302429200 0.009621232 -.1)
(7.310615540 0.009182390 -.1)
(7.318802360 0.008754267 -.1)
(7.326988700 0.008336865 -.1)
(7.335175510 0.007930181 -.1)
(7.343361850 0.007534215 -.1)
(7.351548670 0.007148966 -.1)
(7.359735010 0.006774433 -.1)
(7.367921830 0.006410616 -.1)
(7.376108170 0.006057512 -.1)
(7.384294990 0.005715109 -.1)
(7.392481330 0.005383401 -.1)
(7.400668140 0.005062375 -.1)
(7.408854960 0.004752024 -.1)
(7.417041300 0.004452338 -.1)
(7.425228120 0.004163306 -.1)
(7.433414460 0.003884920 -.1)
(7.441601280 0.003617168 -.1)
(7.449787620 0.003360015 -.1)
(7.457974430 0.003113410 -.1)
(7.466160770 0.002877299 -.1)
(7.474347590 0.002651630 -.1)
(7.482533930 0.002436350 -.1)
(7.490720750 0.002231406 -.1)
(7.498907090 0.002036747 -.1)
(7.507093910 0.001852319 -.1)
(7.515280250 0.001678094 -.1)
(7.523467060 0.001514178 -.1)
(7.531653400 0.001360718 -.1)
(7.539840220 0.001217861 -.1)
(7.548026560 0.001085755 -.1)
(7.556213380 0.000964548 -.1)
(7.564399720 0.000854386 -.1)
(7.572586540 0.000755418 -.1)
(7.580772880 0.000667789 -.1)
(7.588959690 0.000591403 -.1)
(7.597146030 0.000525582 -.1)
(7.605332850 0.000469565 -.1)
(7.613519190 0.000422592 -.1)
(7.621706010 0.000383903 -.1)
(7.629892350 0.000352737 -.1)
(7.638079170 0.000328333 -.1)
(7.646265510 0.000309930 -.1)
(7.654452320 0.000296770 -.1)
(7.662638660 0.000288138 -.1)
(7.670825480 0.000283370 -.1)
(7.679011820 0.000281805 -.1)
(7.687198640 0.000282784 -.1)
(7.695384980 0.000285644 -.1)
(7.703571800 0.000289726 -.1)
(7.711758140 0.000294368 -.1)
(7.719944950 0.000298910 -.1)
(7.728131290 0.000302693 -.1)
(7.736318110 0.000305290 -.1)
(7.744504450 0.000306806 -.1)
(7.752691270 0.000307419 -.1)
(7.760877610 0.000307307 -.1)
(7.769064430 0.000306646 -.1)
(7.777250770 0.000305615 -.1)
(7.785437580 0.000304392 -.1)
(7.793623920 0.000303153 -.1)
(7.801810740 0.000302077 -.1)
(7.809997080 0.000301306 -.1)
(7.818183900 0.000300836 -.1)
(7.826370240 0.000300619 -.1)
(7.834557060 0.000300607 -.1)
(7.842743400 0.000300753 -.1)
(7.850930210 0.000301009 -.1)
(7.859116550 0.000301330 -.1)
(7.867303370 0.000301666 -.1)
(7.875489710 0.000301972 -.1)
(7.883676530 0.000302202 -.1)
(7.891862870 0.000302350 -.1)
(7.900049690 0.000302427 -.1)
(7.908236030 0.000302446 -.1)
(7.916422840 0.000302418 -.1)
(7.924609180 0.000302356 -.1)
(7.932796000 0.000302272 -.1)
(7.940982340 0.000302179 -.1)
(7.949169160 0.000302088 -.1)
(7.957355500 0.000302012 -.1)
(7.965542320 0.000301956 -.1)
(7.973728660 0.000301919 -.1)
(7.981915470 0.000301899 -.1)
(7.990101810 0.000301895 -.1)
(7.998288630 0.000301906 -.1)
(8.006475450 0.000301929 -.1)
(8.014661790 0.000301963 -.1)
(8.022848130 0.000302007 -.1)
(8.031034470 0.000302059 -.1)
(8.039221760 0.000302117 -.1)
(8.047408100 0.000302174 -.1)
(8.055594440 0.000302224 -.1)
(8.063780780 0.000302261 -.1)
(8.071968080 0.000302280 -.1)
(8.080154420 0.000302275 -.1)
(8.088340760 0.000302238 -.1)
(8.096527100 0.000302165 -.1)
(8.104714390 0.000302048 -.1)
(8.112900730 0.000301886 -.1)
(8.121087070 0.000301685 -.1)
(8.129273410 0.000301455 -.1)
(8.137460710 0.000301208 -.1)
(8.145647050 0.000300953 -.1)
(8.153833390 0.000300702 -.1)
(8.162019730 0.000300463 -.1)
(8.170207020 0.000300249 -.1)
(8.178393360 0.000300070 -.1)
(8.186579700 0.000299934 -.1)
(8.194766040 0.000299842 -.1)
(8.202953340 0.000299788 -.1)
(8.211139680 0.000299768 -.1)
(8.219326020 0.000299777 -.1)
(8.227512360 0.000299809 -.1)
(8.235699650 0.000299859 -.1)
(8.243885990 0.000299923 -.1)
(8.252072330 0.000299995 -.1)
(8.260258670 0.000300071 -.1)
(8.268445970 0.000300145 -.1)
(8.276632310 0.000300211 -.1)
(8.284818650 0.000300263 -.1)
(8.293004990 0.000300298 -.1)
(8.301192280 0.000300307 -.1)
(8.309378620 0.000300287 -.1)
(8.317564960 0.000300232 -.1)
(8.325751300 0.000300135 -.1)
(8.333938600 0.000299992 -.1)
(8.342124940 0.000299802 -.1)
(8.350311280 0.000299576 -.1)
(8.358497620 0.000299327 -.1)
(8.366684910 0.000299067 -.1)
(8.374871250 0.000298807 -.1)
(8.383057590 0.000298560 -.1)
(8.391243930 0.000298338 -.1)
(8.399431230 0.000298152 -.1)
(8.407617570 0.000298016 -.1)
(8.415803910 0.000297937 -.1)
(8.423990250 0.000297906 -.1)
(8.432177540 0.000297911 -.1)
(8.440363880 0.000297941 -.1)
(8.448550220 0.000297983 -.1)
(8.456736560 0.000298025 -.1)
(8.464923860 0.000298056 -.1)
(8.473110200 0.000298062 -.1)
(8.481296540 0.000298032 -.1)
(8.489482880 0.000297955 -.1)
(8.497670170 0.000297832 -.1)
(8.505856510 0.000297668 -.1)
(8.514042850 0.000297469 -.1)
(8.522229190 0.000297240 -.1)
(8.530416490 0.000296987 -.1)
(8.538602830 0.000296715 -.1)
(8.546789170 0.000296430 -.1)
(8.554975510 0.000296138 -.1)
(8.563162800 0.000295845 -.1)
(8.571349140 0.000295555 -.1)
(8.579535480 0.000295273 -.1)
(8.587721820 0.000295006 -.1)
(8.595909120 0.000294757 -.1)
(8.604095460 0.000294532 -.1)
(8.612281800 0.000294336 -.1)
(8.620468140 0.000294174 -.1)
(8.628655430 0.000294052 -.1)
(8.636841770 0.000293973 -.1)
(8.645028110 0.000293939 -.1)
(8.653214450 0.000293938 -.1)
(8.661401750 0.000293961 -.1)
(8.669588090 0.000293997 -.1)
(8.677774430 0.000294034 -.1)
(8.685960770 0.000294062 -.1)
(8.694148060 0.000294071 -.1)
(8.702334400 0.000294050 -.1)
(8.710520740 0.000293988 -.1)
(8.718707080 0.000293878 -.1)
(8.726894380 0.000293724 -.1)
(8.735080720 0.000293534 -.1)
(8.743267060 0.000293314 -.1)
(8.751453400 0.000293072 -.1)
(8.759640690 0.000292815 -.1)
(8.767827030 0.000292550 -.1)
(8.776013370 0.000292284 -.1)
(8.784199710 0.000292024 -.1)
(8.792387010 0.000291777 -.1)
(8.800573350 0.000291543 -.1)
(8.808759690 0.000291319 -.1)
(8.816946030 0.000291104 -.1)
(8.825133320 0.000290893 -.1)
(8.833319660 0.000290686 -.1)
(8.841506000 0.000290480 -.1)
(8.849692340 0.000290271 -.1)
(8.857879640 0.000290059 -.1)
(8.866065980 0.000289840 -.1)
(8.874252320 0.000289615 -.1)
(8.882438660 0.000289386 -.1)
(8.890625950 0.000289157 -.1)
(8.898812290 0.000288928 -.1)
(8.906998630 0.000288704 -.1)
(8.915184970 0.000288485 -.1)
(8.923372270 0.000288276 -.1)
(8.931558610 0.000288079 -.1)
(8.939744950 0.000287895 -.1)
(8.947931290 0.000287724 -.1)
(8.956118580 0.000287559 -.1)
(8.964304920 0.000287391 -.1)
(8.972491260 0.000287213 -.1)
(8.980677600 0.000287018 -.1)
(8.988864900 0.000286798 -.1)
(8.997051240 0.000286544 -.1)
(9.005237580 0.000286249 -.1)
(9.013423920 0.000285906 -.1)
(9.021611210 0.000285510 -.1)
(9.029797550 0.000285073 -.1)
(9.037983890 0.000284608 -.1)
(9.046170230 0.000284128 -.1)
(9.054357530 0.000283646 -.1)
(9.062543870 0.000283175 -.1)
(9.070730210 0.000282729 -.1)
(9.078916550 0.000282321 -.1)
(9.087103840 0.000281963 -.1)
(9.095290180 0.000281667 -.1)
(9.103476520 0.000281425 -.1)
(9.111662860 0.000281223 -.1)
(9.119850160 0.000281045 -.1)
(9.128036500 0.000280878 -.1)
(9.136222840 0.000280706 -.1)
(9.144409180 0.000280516 -.1)
(9.152596470 0.000280292 -.1)
(9.160782810 0.000280020 -.1)
(9.168969150 0.000279686 -.1)
(9.177155490 0.000279293 -.1)
(9.185342790 0.000278855 -.1)
(9.193529130 0.000278387 -.1)
(9.201715470 0.000277903 -.1)
(9.209901810 0.000277417 -.1)
(9.218089100 0.000276945 -.1)
(9.226275440 0.000276501 -.1)
(9.234461780 0.000276099 -.1)
(9.242648120 0.000275754 -.1)
(9.250835420 0.000275469 -.1)
(9.259021760 0.000275233 -.1)
(9.267208100 0.000275032 -.1)
(9.275395390 0.000274853 -.1)
(9.283581730 0.000274682 -.1)
(9.291768070 0.000274508 -.1)
(9.299954410 0.000274316 -.1)
(9.308141710 0.000274092 -.1)
(9.316328050 0.000273825 -.1)
(9.324514390 0.000273506 -.1)
(9.332700730 0.000273138 -.1)
(9.340888020 0.000272731 -.1)
(9.349074360 0.000272293 -.1)
(9.357260700 0.000271829 -.1)
(9.365447040 0.000271349 -.1)
(9.373634340 0.000270861 -.1)
(9.381820680 0.000270371 -.1)
(9.390007020 0.000269887 -.1)
(9.398193360 0.000269417 -.1)
(9.406380650 0.000268959 -.1)
(9.414566990 0.000268514 -.1)
(9.422753330 0.000268077 -.1)
(9.430939670 0.000267647 -.1)
(9.439126970 0.000267223 -.1)
(9.447313310 0.000266802 -.1)
(9.455499650 0.000266381 -.1)
(9.463685990 0.000265960 -.1)
(9.471873280 0.000265535 -.1)
(9.480059620 0.000265107 -.1)
(9.488245960 0.000264676 -.1)
(9.496432300 0.000264242 -.1)
(9.504619600 0.000263806 -.1)
(9.512805940 0.000263368 -.1)
(9.520992280 0.000262929 -.1)
(9.529178620 0.000262490 -.1)
(9.537365910 0.000262049 -.1)
(9.545552250 0.000261610 -.1)
(9.553738590 0.000261170 -.1)
(9.561924930 0.000260732 -.1)
(9.570112230 0.000260294 -.1)
(9.578298570 0.000259856 -.1)
(9.586484910 0.000259420 -.1)
(9.594671250 0.000258984 -.1)
(9.602858540 0.000258550 -.1)
(9.611044880 0.000258116 -.1)
(9.619231220 0.000257683 -.1)
(9.627417560 0.000257252 -.1)
(9.635604860 0.000256821 -.1)
(9.643791200 0.000256389 -.1)
(9.651977540 0.000255957 -.1)
(9.660163880 0.000255524 -.1)
(9.668351170 0.000255089 -.1)
(9.676537510 0.000254651 -.1)
(9.684723850 0.000254211 -.1)
(9.692910190 0.000253766 -.1)
(9.701097490 0.000253318 -.1)
(9.709283830 0.000252868 -.1)
(9.717470170 0.000252417 -.1)
(9.725656510 0.000251968 -.1)
(9.733843800 0.000251523 -.1)
(9.742030140 0.000251084 -.1)
(9.750216480 0.000250653 -.1)
(9.758402820 0.000250233 -.1)
(9.766590120 0.000249825 -.1)
(9.774776460 0.000249431 -.1)
(9.782962800 0.000249046 -.1)
(9.791149140 0.000248665 -.1)
(9.799336430 0.000248278 -.1)
(9.807522770 0.000247878 -.1)
(9.815709110 0.000247457 -.1)
(9.823895450 0.000247009 -.1)
(9.832082750 0.000246524 -.1)
(9.840269090 0.000245997 -.1)
(9.848455430 0.000245418 -.1)
(9.856641770 0.000244790 -.1)
(9.864829060 0.000244124 -.1)
(9.873015400 0.000243435 -.1)
(9.881201740 0.000242736 -.1)
(9.889388080 0.000242038 -.1)
(9.897575380 0.000241357 -.1)
(9.905761720 0.000240704 -.1)
(9.913948060 0.000240093 -.1)
(9.922134400 0.000239537 -.1)
(9.930321690 0.000239043 -.1)
(9.938508030 0.000238597 -.1)
(9.946694370 0.000238186 -.1)
(9.954880710 0.000237795 -.1)
(9.963068010 0.000237410 -.1)
(9.971254350 0.000237015 -.1)
(9.979440690 0.000236597 -.1)
(9.987627030 0.000236140 -.1)
(9.995814320 0.000235631 -.1)
(10.004000700 0.000235058 -.1)
(10.012187000 0.000234431 -.1)
(10.020373300 0.000233763 -.1)
(10.028560600 0.000233070 -.1)
(10.036747000 0.000232366 -.1)
(10.044933300 0.000231666 -.1)
(10.053119700 0.000230984 -.1)
(10.061307000 0.000230335 -.1)
(10.069493300 0.000229733 -.1)
(10.077679600 0.000229192 -.1)
(10.085866000 0.000228708 -.1)
(10.094053300 0.000228268 -.1)
(10.102239600 0.000227859 -.1)
(10.110425900 0.000227468 -.1)
(10.118612300 0.000227080 -.1)
(10.126799600 0.000226683 -.1)
(10.134985900 0.000226264 -.1)
(10.143172300 0.000225808 -.1)
(10.151358600 0.000225303 -.1)
(10.159545900 0.000224745 -.1)
(10.167732200 0.000224142 -.1)
(10.175918600 0.000223503 -.1)
(10.184104900 0.000222834 -.1)
(10.192292200 0.000222145 -.1)
(10.200478600 0.000221443 -.1)
(10.208664900 0.000220738 -.1)
(10.216851200 0.000220036 -.1)
(10.225038500 0.000219347 -.1)
(10.233224900 0.000218676 -.1)
(10.241411200 0.000218018 -.1)
(10.249597500 0.000217371 -.1)
(10.257784800 0.000216730 -.1)
(10.265971200 0.000216091 -.1)
(10.274157500 0.000215450 -.1)
(10.282343900 0.000214804 -.1)
(10.290531200 0.000214148 -.1)
(10.298717500 0.000213478 -.1)
(10.306903800 0.000212792 -.1)
(10.315090200 0.000212096 -.1)
(10.323277500 0.000211396 -.1)
(10.331463800 0.000210702 -.1)
(10.339650200 0.000210019 -.1)
(10.347836500 0.000209356 -.1)
(10.356023800 0.000208721 -.1)
(10.364210100 0.000208120 -.1)
(10.372396500 0.000207562 -.1)
(10.380582800 0.000207054 -.1)
(10.388770100 0.000206590 -.1)
(10.396956400 0.000206159 -.1)
(10.405142800 0.000205750 -.1)
(10.413329100 0.000205352 -.1)
(10.421516400 0.000204954 -.1)
(10.429702800 0.000204543 -.1)
(10.437889100 0.000204110 -.1)
(10.446075400 0.000203642 -.1)
(10.454262700 0.000203128 -.1)
(10.462449100 0.000202567 -.1)
(10.470635400 0.000201965 -.1)
(10.478821800 0.000201328 -.1)
(10.487009000 0.000200664 -.1)
(10.495195400 0.000199980 -.1)
(10.503381700 0.000199283 -.1)
(10.511568100 0.000198580 -.1)
(10.519755400 0.000197878 -.1)
(10.527941700 0.000197184 -.1)
(10.536128000 0.000196502 -.1)
(10.544314400 0.000195831 -.1)
(10.552501700 0.000195170 -.1)
(10.560688000 0.000194517 -.1)
(10.568874400 0.000193869 -.1)
(10.577060700 0.000193225 -.1)
(10.585248000 0.000192584 -.1)
(10.593434300 0.000191942 -.1)
(10.601620700 0.000191299 -.1)
(10.609807000 0.000190653 -.1)
(10.617994300 0.000190005 -.1)
(10.626180600 0.000189354 -.1)
(10.634367000 0.000188700 -.1)
(10.642553300 0.000188046 -.1)
(10.650740600 0.000187391 -.1)
(10.658927000 0.000186735 -.1)
(10.667113300 0.000186079 -.1)
(10.675299600 0.000185423 -.1)
(10.683486900 0.000184769 -.1)
(10.691673300 0.000184115 -.1)
(10.699859600 0.000183462 -.1)
(10.708046000 0.000182810 -.1)
(10.716233300 0.000182158 -.1)
(10.724419600 0.000181506 -.1)
(10.732605900 0.000180853 -.1)
(10.740792300 0.000180200 -.1)
(10.748979600 0.000179547 -.1)
(10.757165900 0.000178893 -.1)
(10.765352200 0.000178237 -.1)
(10.773538600 0.000177582 -.1)
(10.781725900 0.000176926 -.1)
(10.789912200 0.000176270 -.1)
(10.798098600 0.000175614 -.1)
(10.806284900 0.000174959 -.1)
(10.814472200 0.000174305 -.1)
(10.822658500 0.000173653 -.1)
(10.830844900 0.000173001 -.1)
(10.839031200 0.000172352 -.1)
(10.847218500 0.000171703 -.1)
(10.855404900 0.000171054 -.1)
(10.863591200 0.000170405 -.1)
(10.871777500 0.000169755 -.1)
(10.879964800 0.000169102 -.1)
(10.888151200 0.000168446 -.1)
(10.896337500 0.000167787 -.1)
(10.904523800 0.000167124 -.1)
(10.912711100 0.000166456 -.1)
(10.920897500 0.000165786 -.1)
(10.929083800 0.000165116 -.1)
(10.937270200 0.000164449 -.1)
(10.945457500 0.000163786 -.1)
(10.953643800 0.000163131 -.1)
(10.961830100 0.000162486 -.1)
(10.970016500 0.000161854 -.1)
(10.978203800 0.000161237 -.1)
(10.986390100 0.000160636 -.1)
(10.994576500 0.000160047 -.1)
(11.002762800 0.000159458 -.1)
(11.010950100 0.000158862 -.1)
(11.019136400 0.000158249 -.1)
(11.027322800 0.000157609 -.1)
(11.035509100 0.000156933 -.1)
(11.043696400 0.000156211 -.1)
(11.051882700 0.000155434 -.1)
(11.060069100 0.000154594 -.1)
(11.068255400 0.000153696 -.1)
(11.076442700 0.000152760 -.1)
(11.084629100 0.000151805 -.1)
(11.092815400 0.000150853 -.1)
(11.101001700 0.000149923 -.1)
(11.109189000 0.000149036 -.1)
(11.117375400 0.000148210 -.1)
(11.125561700 0.000147468 -.1)
(11.133749000 0.000146827 -.1)
(11.141935300 0.000146293 -.1)
(11.150121700 0.000145844 -.1)
(11.158308000 0.000145454 -.1)
(11.166495300 0.000145098 -.1)
(11.174681700 0.000144750 -.1)
(11.182868000 0.000144385 -.1)
(11.191054300 0.000143978 -.1)
(11.199241600 0.000143503 -.1)
(11.207428000 0.000142935 -.1)
(11.215614300 0.000142257 -.1)
(11.223800700 0.000141484 -.1)
(11.231988000 0.000140635 -.1)
(11.240174300 0.000139731 -.1)
(11.248360600 0.000138791 -.1)
(11.256547000 0.000137836 -.1)
(11.264734300 0.000136886 -.1)
(11.272920600 0.000135961 -.1)
(11.281106900 0.000135081 -.1)
(11.289293300 0.000134264 -.1)
(11.297480600 0.000133508 -.1)
(11.305666900 0.000132805 -.1)
(11.313853300 0.000132144 -.1)
(11.322039600 0.000131516 -.1)
(11.330226900 0.000130911 -.1)
(11.338413200 0.000130321 -.1)
(11.346599600 0.000129735 -.1)
(11.354785900 0.000129143 -.1)
(11.362973200 0.000128537 -.1)
(11.371159600 0.000127914 -.1)
(11.379345900 0.000127276 -.1)
(11.387532200 0.000126626 -.1)
(11.395719500 0.000125966 -.1)
(11.403905900 0.000125299 -.1)
(11.412092200 0.000124628 -.1)
(11.420278500 0.000123956 -.1)
(11.428465800 0.000123284 -.1)
(11.436652200 0.000122617 -.1)
(11.444838500 0.000121954 -.1)
(11.453024900 0.000121297 -.1)
(11.461212200 0.000120642 -.1)
(11.469398500 0.000119991 -.1)
(11.477584800 0.000119341 -.1)
(11.485771200 0.000118693 -.1)
(11.493958500 0.000118044 -.1)
(11.502144800 0.000117395 -.1)
(11.510331200 0.000116745 -.1)
(11.518517500 0.000116092 -.1)
(11.526704800 0.000115438 -.1)
(11.534891100 0.000114782 -.1)
(11.543077500 0.000114127 -.1)
(11.551263800 0.000113472 -.1)
(11.559451100 0.000112817 -.1)
(11.567637400 0.000112165 -.1)
(11.575823800 0.000111514 -.1)
(11.584010100 0.000110867 -.1)
(11.592197400 0.000110223 -.1)
(11.600383800 0.000109581 -.1)
(11.608570100 0.000108939 -.1)
(11.616756400 0.000108296 -.1)
(11.624943700 0.000107649 -.1)
(11.633130100 0.000106997 -.1)
(11.641316400 0.000106337 -.1)
(11.649502800 0.000105669 -.1)
(11.657690000 0.000104990 -.1)
(11.665876400 0.000104298 -.1)
(11.674062700 0.000103597 -.1)
(11.682249100 0.000102893 -.1)
(11.690436400 0.000102195 -.1)
(11.698622700 0.000101508 -.1)
(11.706809000 0.000100840 -.1)
(11.714995400 0.000100197 -.1)
(11.723182700 0.000099588 -.1)
(11.731369000 0.000099019 -.1)
(11.739555400 0.000098496 -.1)
(11.747741700 0.000098020 -.1)
(11.755929000 0.000097581 -.1)
(11.764115300 0.000097168 -.1)
(11.772301700 0.000096768 -.1)
(11.780488000 0.000096370 -.1)
(11.788675300 0.000095964 -.1)
(11.796861600 0.000095539 -.1)
(11.805048000 0.000095082 -.1)
(11.813234300 0.000094582 -.1)
(11.821421600 0.000094033 -.1)
(11.829608000 0.000093440 -.1)
(11.837794300 0.000092810 -.1)
(11.845980600 0.000092152 -.1)
(11.854167900 0.000091472 -.1)
(11.862354300 0.000090779 -.1)
(11.870540600 0.000090080 -.1)
(11.878727000 0.000089383 -.1)
(11.886914300 0.000088694 -.1)
(11.895100600 0.000088022 -.1)
(11.903286900 0.000087363 -.1)
(11.911473300 0.000086715 -.1)
(11.919660600 0.000086074 -.1)
(11.927846900 0.000085435 -.1)
(11.936033200 0.000084795 -.1)
(11.944219600 0.000084149 -.1)
(11.952406900 0.000083494 -.1)
(11.960593200 0.000082825 -.1)
(11.968779600 0.000082139 -.1)
(11.976965900 0.000081439 -.1)
(11.985153200 0.000080734 -.1)
(11.993339500 0.000080031 -.1)
(12.001525900 0.000079339 -.1)
(12.009712200 0.000078666 -.1)
(12.017899500 0.000078020 -.1)
(12.026085900 0.000077410 -.1)
(12.034272200 0.000076843 -.1)
(12.042458500 0.000076328 -.1)
(12.050645800 0.000075864 -.1)
(12.058832200 0.000075439 -.1)
(12.067018500 0.000075039 -.1)
(12.075204800 0.000074650 -.1)
(12.083392100 0.000074260 -.1)
(12.091578500 0.000073856 -.1)
(12.099764800 0.000073423 -.1)
(12.107951200 0.000072948 -.1)
(12.116138500 0.000072418 -.1)
(12.124324800 0.000071827 -.1)
(12.132511100 0.000071185 -.1)
(12.140697500 0.000070508 -.1)
(12.148884800 0.000069810 -.1)
(12.157071100 0.000069106 -.1)
(12.165257500 0.000068410 -.1)
(12.173443800 0.000067737 -.1)
(12.181631100 0.000067101 -.1)
(12.189817400 0.000066517 -.1)
(12.198003800 0.000065996 -.1)
(12.206190100 0.000065531 -.1)
(12.214377400 0.000065106 -.1)
(12.222563700 0.000064708 -.1)
(12.230750100 0.000064322 -.1)
(12.238936400 0.000063934 -.1)
(12.247123700 0.000063527 -.1)
(12.255310100 0.000063089 -.1)
(12.263496400 0.000062605 -.1)
(12.271682700 0.000062061 -.1)
(12.279870000 0.000061460 -.1)
(12.288056400 0.000060814 -.1)
(12.296242700 0.000060137 -.1)
(12.304429100 0.000059442 -.1)
(12.312616300 0.000058741 -.1)
(12.320802700 0.000058049 -.1)
(12.328989000 0.000057378 -.1)
(12.337175400 0.000056742 -.1)
(12.345362700 0.000056153 -.1)
(12.353549000 0.000055615 -.1)
(12.361735300 0.000055122 -.1)
(12.369921700 0.000054666 -.1)
(12.378109000 0.000054240 -.1)
(12.386295300 0.000053835 -.1)
(12.394481700 0.000053445 -.1)
(12.402668000 0.000053062 -.1)
(12.410855300 0.000052678 -.1)
(12.419041600 0.000052286 -.1)
(12.427228000 0.000051880 -.1)
(12.435414300 0.000051463 -.1)
(12.443601600 0.000051034 -.1)
(12.451787900 0.000050598 -.1)
(12.459974300 0.000050156 -.1)
(12.468160600 0.000049709 -.1)
(12.476347900 0.000049260 -.1)
(12.484534300 0.000048810 -.1)
(12.492720600 0.000048363 -.1)
(12.500906900 0.000047918 -.1)
)
spline 4 5 (
(0.0 0.0 .1)
(0.00817935355 0.0 .1)
(0.01635867916 0.0 .1)
(0.02453809045 0.0 .1)
(0.0327173695 0.0 .1)
(0.04089676961 0.0 .1)
(0.04907618091 0.0 .1)
(0.05725545064 0.0 .1)
(0.0654348582 0.0 .1)
(0.07361414284 0.0 .1)
(0.08179354668 0.0 .1)
(0.08997295052 0.0 .1)
(0.0981522277 0.0 .1)
(0.1063316017 0.0 .1)
(0.1145109013 0.0 .1)
(0.1226902977 0.0 .1)
(0.1308691949 0.0 .1)
(0.1390486062 0.0 .1)
(0.1472280025 0.0 .1)
(0.1554073989 0.0 .1)
(0.1635867953 0.0 .1)
(0.1717662066 0.0 .1)
(0.179945603 0.0 .1)
(0.1881249994 0.0 .1)
(0.1963045001 0.0 .1)
(0.2044838965 0.0 .1)
(0.2126632929 0.0 .1)
(0.2208427042 0.0 .1)
(0.2290221006 0.0 .1)
(0.237201497 0.0 .1)
(0.2453808933 0.0 .1)
(0.2535603046 0.0 .1)
(0.261739701 0.0 .1)
(0.2699190974 0.0 .1)
(0.2780984938 0.0 .1)
(0.2862778902 0.0 .1)
(0.2944572866 0.0 .1)
(0.3026367128 0.0 .1)
(0.3108161092 0.0 .1)
(0.3189955056 0.0 .1)
(0.327174902 0.0 .1)
(0.3353531063 0.0 .1)
(0.3435325027 0.0 .1)
(0.351711899 0.0 .1)
(0.3598912954 0.0 .1)
(0.3680706918 0.0 .1)
(0.3762500882 0.0 .1)
(0.3844295144 0.0 .1)
(0.3926089108 0.0 .1)
(0.4007883072 0.0 .1)
(0.4089677036 0.0 .1)
(0.4171471 0.0 .1)
(0.4253264964 0.0 .1)
(0.4335058928 0.0 .1)
(0.442075312 0.000056038 .1)
(0.450261891 0.000070589 .1)
(0.458448470 0.000087415 .1)
(0.466635048 0.000106663 .1)
(0.474821627 0.000128480 .1)
(0.483008206 0.000153012 .1)
(0.491194785 0.000180407 .1)
(0.499381363 0.000210810 .1)
(0.507567942 0.000244370 .1)
(0.515754521 0.000281245 .1)
(0.523941100 0.000321592 .1)
(0.532127678 0.000365572 .1)
(0.540314257 0.000413343 .1)
(0.548500836 0.000465063 .1)
(0.556687415 0.000520892 .1)
(0.564873993 0.000580989 .1)
(0.573060572 0.000645513 .1)
(0.581247151 0.000714623 .1)
(0.589433730 0.000788478 .1)
(0.597620308 0.000867239 .1)
(0.605806887 0.000951064 .1)
(0.613993466 0.001040113 .1)
(0.622180045 0.001134546 .1)
(0.630366623 0.001234522 .1)
(0.638553202 0.001340201 .1)
(0.646739781 0.001451740 .1)
(0.654926360 0.001569278 .1)
(0.663112938 0.001692953 .1)
(0.671299517 0.001822900 .1)
(0.679486096 0.001959256 .1)
(0.687672675 0.002102156 .1)
(0.695859313 0.002251738 .1)
(0.704045892 0.002408136 .1)
(0.712232471 0.002571489 .1)
(0.720419049 0.002741950 .1)
(0.728605628 0.002919696 .1)
(0.736792207 0.003104906 .1)
(0.744978786 0.003297757 .1)
(0.753165364 0.003498428 .1)
(0.761351943 0.003707096 .1)
(0.769538522 0.003923939 .1)
(0.777725101 0.004149136 .1)
(0.785911679 0.004382855 .1)
(0.794098258 0.004625224 .1)
(0.802284837 0.004876355 .1)
(0.810471416 0.005136360 .1)
(0.818657994 0.005405352 .1)
(0.826844573 0.005683443 .1)
(0.835031152 0.005970746 .1)
(0.843217731 0.006267373 .1)
(0.851404309 0.006573438 .1)
(0.859590888 0.006889097 .1)
(0.867777467 0.007214562 .1)
(0.875964046 0.007550049 .1)
(0.884150624 0.007895771 .1)
(0.892337203 0.008251946 .1)
(0.900523782 0.008618787 .1)
(0.908710361 0.008996510 .1)
(0.916896939 0.009385329 .1)
(0.925083518 0.009785438 .1)
(0.933270097 0.010196906 .1)
(0.941456676 0.010619761 .1)
(0.949643254 0.011054031 .1)
(0.957829833 0.011499745 .1)
(0.966016412 0.011956929 .1)
(0.974202991 0.012425614 .1)
(0.982389569 0.012905825 .1)
(0.990576148 0.013397594 .1)
(0.998762727 0.013901043 .1)
(1.006949310 0.014416407 .1)
(1.015135880 0.014943930 .1)
(1.023322460 0.015483857 .1)
(1.031509040 0.016036430 .1)
(1.039695620 0.016601892 .1)
(1.047882200 0.017180488 .1)
(1.056068780 0.017772460 .1)
(1.064255360 0.018378038 .1)
(1.072441940 0.018997356 .1)
(1.080628510 0.019630529 .1)
(1.088815090 0.020277664 .1)
(1.097001670 0.020938870 .1)
(1.105188250 0.021614257 .1)
(1.113374830 0.022303937 .1)
(1.121561410 0.023008017 .1)
(1.129747990 0.023726607 .1)
(1.137934570 0.024459811 .1)
(1.146121140 0.025207726 .1)
(1.154307720 0.025970448 .1)
(1.162494300 0.026748072 .1)
(1.170680880 0.027540697 .1)
(1.178867460 0.028348414 .1)
(1.187054040 0.029171323 .1)
(1.195240620 0.030009521 .1)
(1.203427200 0.030863095 .1)
(1.211613770 0.031732112 .1)
(1.219800350 0.032616627 .1)
(1.227986930 0.033516698 .1)
(1.236173510 0.034432385 .1)
(1.244360090 0.035363741 .1)
(1.252546670 0.036310822 .1)
(1.260733250 0.037273694 .1)
(1.268919830 0.038252410 .1)
(1.277106400 0.039247155 .1)
(1.285292980 0.040258247 .1)
(1.293479560 0.041285988 .1)
(1.301666140 0.042330701 .1)
(1.309852720 0.043392696 .1)
(1.318039300 0.044472285 .1)
(1.326225880 0.045569781 .1)
(1.334412460 0.046685506 .1)
(1.342599030 0.047819674 .1)
(1.350785610 0.048972197 .1)
(1.358972190 0.050142899 .1)
(1.367158770 0.051331613 .1)
(1.375345350 0.052538171 .1)
(1.383531930 0.053762406 .1)
(1.391718630 0.055004150 .1)
(1.399905200 0.056263231 .1)
(1.408091780 0.057539500 .1)
(1.416278360 0.058833107 .1)
(1.424464940 0.060144406 .1)
(1.432651520 0.061473753 .1)
(1.440838100 0.062821515 .1)
(1.449024680 0.064188048 .1)
(1.457211260 0.065573715 .1)
(1.465397830 0.066978879 .1)
(1.473584410 0.068403885 .1)
(1.481770990 0.069848977 .1)
(1.489957570 0.071314096 .1)
(1.498144150 0.072799146 .1)
(1.506330730 0.074304044 .1)
(1.514517310 0.075828709 .1)
(1.522703890 0.077373035 .1)
(1.530890460 0.078936942 .1)
(1.539077040 0.080520332 .1)
(1.547263620 0.082123145 .1)
(1.555450200 0.083745405 .1)
(1.563636780 0.085387163 .1)
(1.571823360 0.087048508 .1)
(1.580009940 0.088729486 .1)
(1.588196520 0.090430178 .1)
(1.596383090 0.092150644 .1)
(1.604569670 0.093890950 .1)
(1.612756250 0.095651165 .1)
(1.620942830 0.097431392 .1)
(1.629129410 0.099231765 .1)
(1.637315990 0.101052441 .1)
(1.645502570 0.102893539 .1)
(1.653689150 0.104755215 .1)
(1.661875720 0.106637605 .1)
(1.670062300 0.108540848 .1)
(1.678248880 0.110465087 .1)
(1.686435460 0.112410456 .1)
(1.694622040 0.114377059 .1)
(1.702808620 0.116365023 .1)
(1.710995200 0.118374452 .1)
(1.719181780 0.120405465 .1)
(1.727368350 0.122458167 .1)
(1.735554930 0.124532685 .1)
(1.743741510 0.126629114 .1)
(1.751928090 0.128747523 .1)
(1.760114670 0.130887657 .1)
(1.768301250 0.133049220 .1)
(1.776487830 0.135231882 .1)
(1.784674410 0.137435332 .1)
(1.792860980 0.139659226 .1)
(1.801047560 0.141903281 .1)
(1.809234140 0.144167155 .1)
(1.817420720 0.146450579 .1)
(1.825607300 0.148753852 .1)
(1.833793880 0.151077524 .1)
(1.841980460 0.153422177 .1)
(1.850167040 0.155788362 .1)
(1.858353610 0.158176661 .1)
(1.866540190 0.160587639 .1)
(1.874726770 0.163021863 .1)
(1.882913350 0.165479869 .1)
(1.891099930 0.167961583 .1)
(1.899286510 0.170466408 .1)
(1.907473090 0.172993690 .1)
(1.915659670 0.175542802 .1)
(1.923846240 0.178113118 .1)
(1.932032820 0.180703998 .1)
(1.940219400 0.183314815 .1)
(1.948405980 0.185944945 .1)
(1.956592560 0.188594222 .1)
(1.964779140 0.191263020 .1)
(1.972965720 0.193951771 .1)
(1.981152300 0.196660846 .1)
(1.989338870 0.199390709 .1)
(1.997525450 0.202141732 .1)
(2.005712030 0.204914346 .1)
(2.013898610 0.207708955 .1)
(2.022085190 0.210525796 .1)
(2.030271770 0.213364854 .1)
(2.038458350 0.216226101 .1)
(2.046644930 0.219109491 .1)
(2.054831500 0.222014993 .1)
(2.063018080 0.224942550 .1)
(2.071204660 0.227892131 .1)
(2.079391240 0.230863720 .1)
(2.087577820 0.233857155 .1)
(2.095764400 0.236871824 .1)
(2.103950980 0.239906952 .1)
(2.112137560 0.242961794 .1)
(2.120324130 0.246035561 .1)
(2.128510710 0.249127477 .1)
(2.136697290 0.252236784 .1)
(2.144883870 0.255362749 .1)
(2.153070450 0.258504778 .1)
(2.161257030 0.261662871 .1)
(2.169443610 0.264836967 .1)
(2.177630190 0.268027067 .1)
(2.185816760 0.271233112 .1)
(2.194003340 0.274455070 .1)
(2.202189920 0.277692944 .1)
(2.210376500 0.280946702 .1)
(2.218563080 0.284216255 .1)
(2.226749660 0.287501276 .1)
(2.234936240 0.290801376 .1)
(2.243122820 0.294116139 .1)
(2.251309390 0.297445238 .1)
(2.259495970 0.300788254 .1)
(2.267682550 0.304144800 .1)
(2.275869130 0.307514459 .1)
(2.284055710 0.310896784 .1)
(2.292242290 0.314291000 .1)
(2.300428870 0.317696393 .1)
(2.308615450 0.321112305 .1)
(2.316802020 0.324537963 .1)
(2.324988600 0.327972680 .1)
(2.333175180 0.331415743 .1)
(2.341361760 0.334866405 .1)
(2.349548340 0.338323981 .1)
(2.357734920 0.341787696 .1)
(2.365921500 0.345256895 .1)
(2.374108080 0.348730773 .1)
(2.382294650 0.352208644 .1)
(2.390481230 0.355689764 .1)
(2.398667810 0.359173417 .1)
(2.406854390 0.362658888 .1)
(2.415040970 0.366145730 .1)
(2.423227550 0.369633704 .1)
(2.431414130 0.373122573 .1)
(2.439600710 0.376612127 .1)
(2.447787280 0.380102128 .1)
(2.455973860 0.383592337 .1)
(2.464160440 0.387082547 .1)
(2.472347020 0.390572369 .1)
(2.480533600 0.394060791 .1)
(2.488720180 0.397546619 .1)
(2.496906760 0.401028723 .1)
(2.505093340 0.404505879 .1)
(2.513279910 0.407976925 .1)
(2.521466490 0.411440700 .1)
(2.529653070 0.414896041 .1)
(2.537839650 0.418341815 .1)
(2.546026230 0.421777785 .1)
(2.554212810 0.425203890 .1)
(2.562399390 0.428620189 .1)
(2.570585970 0.432026654 .1)
(2.578772540 0.435423315 .1)
(2.586959120 0.438810170 .1)
(2.595145700 0.442187250 .1)
(2.603332280 0.445554286 .1)
(2.611518860 0.448910445 .1)
(2.619705440 0.452254742 .1)
(2.627892020 0.455586195 .1)
(2.636078600 0.458903879 .1)
(2.644265170 0.462206811 .1)
(2.652451750 0.465493977 .1)
(2.660638330 0.468764484 .1)
(2.668824910 0.472017527 .1)
(2.677011490 0.475252688 .1)
(2.685198070 0.478469461 .1)
(2.693384650 0.481667399 .1)
(2.701571230 0.484846026 .1)
(2.709757800 0.488004893 .1)
(2.717944380 0.491143495 .1)
(2.726130960 0.494261384 .1)
(2.734317540 0.497358143 .1)
(2.742504120 0.500433505 .1)
(2.750690700 0.503487229 .1)
(2.758877280 0.506518960 .1)
(2.767063860 0.509528518 .1)
(2.775250430 0.512515604 .1)
(2.783437250 0.515479922 .1)
(2.791623830 0.518421233 .1)
(2.799810410 0.521339118 .1)
(2.807996990 0.524232805 .1)
(2.816183570 0.527101636 .1)
(2.824370150 0.529944897 .1)
(2.832556720 0.532761931 .1)
(2.840743300 0.535552025 .1)
(2.848929880 0.538314462 .1)
(2.857116460 0.541048527 .1)
(2.865303040 0.543753684 .1)
(2.873489620 0.546429694 .1)
(2.881676200 0.549076498 .1)
(2.889862780 0.551693916 .1)
(2.898049350 0.554281831 .1)
(2.906235930 0.556840181 .1)
(2.914422510 0.559368789 .1)
(2.922609090 0.561867535 .1)
(2.930795670 0.564336360 .1)
(2.938982250 0.566775203 .1)
(2.947168830 0.569184065 .1)
(2.955355410 0.571563005 .1)
(2.963541980 0.573912024 .1)
(2.971728560 0.576231122 .1)
(2.979915140 0.578520298 .1)
(2.988101720 0.580779552 .1)
(2.996288300 0.583008766 .1)
(3.004474880 0.585207582 .1)
(3.012661460 0.587375581 .1)
(3.020848040 0.589512527 .1)
(3.029034610 0.591617823 .1)
(3.037221190 0.593691289 .1)
(3.045407770 0.595732391 .1)
(3.053594350 0.597740769 .1)
(3.061780930 0.599716127 .1)
(3.069967510 0.601658404 .1)
(3.078154090 0.603567779 .1)
(3.086340670 0.605444491 .1)
(3.094527240 0.607288659 .1)
(3.102713820 0.609100461 .1)
(3.110900400 0.610880077 .1)
(3.119086980 0.612627745 .1)
(3.127273560 0.614343584 .1)
(3.135460140 0.616027832 .1)
(3.143646720 0.617680490 .1)
(3.151833300 0.619301796 .1)
(3.160019870 0.620891869 .1)
(3.168206450 0.622450888 .1)
(3.176393030 0.623978913 .1)
(3.184579610 0.625476122 .1)
(3.192766190 0.626942635 .1)
(3.200952770 0.628378689 .1)
(3.209139350 0.629784286 .1)
(3.217325930 0.631159663 .1)
(3.225512500 0.632505000 .1)
(3.233699080 0.633820355 .1)
(3.241885660 0.635105968 .1)
(3.250072240 0.636361897 .1)
(3.258258820 0.637588382 .1)
(3.266445400 0.638785541 .1)
(3.274631980 0.639953673 .1)
(3.282818560 0.641093016 .1)
(3.291005130 0.642203927 .1)
(3.299191710 0.643286765 .1)
(3.307378290 0.644341826 .1)
(3.315564870 0.645369351 .1)
(3.323751450 0.646369696 .1)
(3.331938030 0.647343218 .1)
(3.340124610 0.648290157 .1)
(3.348311190 0.649210811 .1)
(3.356497760 0.650105476 .1)
(3.364684340 0.650974452 .1)
(3.372870920 0.651817977 .1)
(3.381057500 0.652636290 .1)
(3.389244080 0.653429806 .1)
(3.397430660 0.654198647 .1)
(3.405617240 0.654943228 .1)
(3.413803820 0.655663610 .1)
(3.421990390 0.656359911 .1)
(3.430176970 0.657032192 .1)
(3.438363550 0.657680571 .1)
(3.446550130 0.658305168 .1)
(3.454736710 0.658905983 .1)
(3.462923290 0.659483194 .1)
(3.471109870 0.660036862 .1)
(3.479296450 0.660567045 .1)
(3.487483020 0.661073983 .1)
(3.495669600 0.661557734 .1)
(3.503856180 0.662018597 .1)
(3.512042760 0.662456632 .1)
(3.520229340 0.662872016 .1)
(3.528415920 0.663264930 .1)
(3.536602500 0.663635612 .1)
(3.544789080 0.663984120 .1)
(3.552975650 0.664310634 .1)
(3.561162230 0.664615393 .1)
(3.569348810 0.664898515 .1)
(3.577535390 0.665160120 .1)
(3.585721970 0.665400386 .1)
(3.593908550 0.665619552 .1)
(3.602095130 0.665817678 .1)
(3.610281710 0.665995002 .1)
(3.618468280 0.666151583 .1)
(3.626654860 0.666287720 .1)
(3.634841440 0.666403353 .1)
(3.643028020 0.666498661 .1)
(3.651214600 0.666573763 .1)
(3.659401180 0.666628718 .1)
(3.667587760 0.666663647 .1)
(3.675774340 0.666678667 .1)
(3.683960910 0.666673839 .1)
(3.692147490 0.666649342 .1)
(3.700334070 0.666605294 .1)
(3.708520650 0.666541696 .1)
(3.716707230 0.666458786 .1)
(3.724893810 0.666356683 .1)
(3.733080390 0.666235507 .1)
(3.741266970 0.666095316 .1)
(3.749453540 0.665936291 .1)
(3.757640120 0.665758550 .1)
(3.765826700 0.665562272 .1)
(3.774013280 0.665347457 .1)
(3.782199860 0.665114284 .1)
(3.790386440 0.664862752 .1)
(3.798573020 0.664593101 .1)
(3.806759600 0.664305329 .1)
(3.814946170 0.663999498 .1)
(3.823132750 0.663675845 .1)
(3.831319330 0.663334310 .1)
(3.839505910 0.662975073 .1)
(3.847692490 0.662598193 .1)
(3.855879070 0.662203670 .1)
(3.864065650 0.661791623 .1)
(3.872252230 0.661361992 .1)
(3.880438800 0.660914838 .1)
(3.888625380 0.660450339 .1)
(3.896811960 0.659968376 .1)
(3.904998540 0.659469068 .1)
(3.913185120 0.658952534 .1)
(3.921371700 0.658418953 .1)
(3.929558280 0.657868624 .1)
(3.937744860 0.657301664 .1)
(3.945931430 0.656718373 .1)
(3.954118010 0.656118929 .1)
(3.962304590 0.655503571 .1)
(3.970491170 0.654872596 .1)
(3.978677750 0.654226124 .1)
(3.986864330 0.653564274 .1)
(3.995050910 0.652886927 .1)
(4.003237720 0.652193964 .1)
(4.011424060 0.651485324 .1)
(4.019610880 0.650760889 .1)
(4.027797220 0.650020540 .1)
(4.035984040 0.649264157 .1)
(4.044170380 0.648491681 .1)
(4.052357200 0.647702932 .1)
(4.060543540 0.646898150 .1)
(4.068730350 0.646077454 .1)
(4.076916690 0.645241082 .1)
(4.085103510 0.644389272 .1)
(4.093289850 0.643522203 .1)
(4.101476670 0.642640114 .1)
(4.109663010 0.641743243 .1)
(4.117849830 0.640831769 .1)
(4.126036170 0.639905930 .1)
(4.134222980 0.638965786 .1)
(4.142409320 0.638011396 .1)
(4.150596140 0.637042880 .1)
(4.158782480 0.636060238 .1)
(4.166969300 0.635063648 .1)
(4.175155640 0.634053051 .1)
(4.183342460 0.633028567 .1)
(4.191528800 0.631990314 .1)
(4.199715610 0.630938292 .1)
(4.207901950 0.629872561 .1)
(4.216088770 0.628793061 .1)
(4.224275110 0.627699852 .1)
(4.232461930 0.626592994 .1)
(4.240648270 0.625472367 .1)
(4.248835090 0.624338090 .1)
(4.257021430 0.623190165 .1)
(4.265208240 0.622028649 .1)
(4.273394580 0.620853424 .1)
(4.281581400 0.619664788 .1)
(4.289767740 0.618462622 .1)
(4.297954560 0.617247164 .1)
(4.306140900 0.616018474 .1)
(4.314327720 0.614776552 .1)
(4.322514060 0.613521576 .1)
(4.330700870 0.612253547 .1)
(4.338887210 0.610972583 .1)
(4.347074030 0.609678805 .1)
(4.355260370 0.608372211 .1)
(4.363447190 0.607052922 .1)
(4.371633530 0.605720937 .1)
(4.379820350 0.604376435 .1)
(4.388006690 0.603019357 .1)
(4.396193500 0.601649821 .1)
(4.404379840 0.600267887 .1)
(4.412566660 0.598873675 .1)
(4.420753000 0.597467124 .1)
(4.428939820 0.596048355 .1)
(4.437126160 0.594617307 .1)
(4.445312980 0.593174100 .1)
(4.453499320 0.591718793 .1)
(4.461686130 0.590251327 .1)
(4.469872470 0.588771820 .1)
(4.478059290 0.587280214 .1)
(4.486245630 0.585776746 .1)
(4.494432450 0.584261477 .1)
(4.502618790 0.582734764 .1)
(4.510805610 0.581196725 .1)
(4.518991950 0.579647541 .1)
(4.527178760 0.578087449 .1)
(4.535365100 0.576516628 .1)
(4.543551920 0.574935377 .1)
(4.551738260 0.573343754 .1)
(4.559925080 0.571741879 .1)
(4.568111420 0.570129633 .1)
(4.576298240 0.568507016 .1)
(4.584484580 0.566873908 .1)
(4.592671390 0.565230429 .1)
(4.600857730 0.563576341 .1)
(4.609044550 0.561911762 .1)
(4.617230890 0.560236514 .1)
(4.625417710 0.558550715 .1)
(4.633604050 0.556854248 .1)
(4.641790870 0.555147171 .1)
(4.649977210 0.553429484 .1)
(4.658164020 0.551701248 .1)
(4.666350360 0.549962401 .1)
(4.674537180 0.548213065 .1)
(4.682723520 0.546453178 .1)
(4.690910340 0.544682741 .1)
(4.699096680 0.542902052 .1)
(4.707283500 0.541111350 .1)
(4.715469840 0.539311051 .1)
(4.723656650 0.537501454 .1)
(4.731842990 0.535682976 .1)
(4.740029810 0.533855855 .1)
(4.748216150 0.532020509 .1)
(4.756402970 0.530177236 .1)
(4.764589310 0.528326392 .1)
(4.772776130 0.526467919 .1)
(4.780962470 0.524601519 .1)
(4.789149280 0.522727072 .1)
(4.797335620 0.520844162 .1)
(4.805522440 0.518952668 .1)
(4.813708780 0.517052233 .1)
(4.821895600 0.515142620 .1)
(4.830081940 0.513223648 .1)
(4.838268760 0.511295259 .1)
(4.846455100 0.509357929 .1)
(4.854641910 0.507412076 .1)
(4.862828250 0.505458236 .1)
(4.871015070 0.503496766 .1)
(4.879201410 0.501528263 .1)
(4.887388230 0.499553084 .1)
(4.895574570 0.497571766 .1)
(4.903761390 0.495584756 .1)
(4.911947730 0.493592381 .1)
(4.920134540 0.491594642 .1)
(4.928320880 0.489591330 .1)
(4.936507700 0.487582296 .1)
(4.944694040 0.485567361 .1)
(4.952880860 0.483546376 .1)
(4.961067200 0.481519133 .1)
(4.969254020 0.479485482 .1)
(4.977440360 0.477445275 .1)
(4.985627170 0.475398540 .1)
(4.993813510 0.473345399 .1)
(5.002000330 0.471285999 .1)
(5.010186670 0.469220430 .1)
(5.018373490 0.467148900 .1)
(5.026559830 0.465071499 .1)
(5.034746650 0.462988377 .1)
(5.042932990 0.460899651 .1)
(5.051119800 0.458805531 .1)
(5.059306140 0.456706315 .1)
(5.067492960 0.454602301 .1)
(5.075679300 0.452493817 .1)
(5.083866120 0.450381130 .1)
(5.092052460 0.448264569 .1)
(5.100239280 0.446144402 .1)
(5.108425620 0.444020987 .1)
(5.116612430 0.441894472 .1)
(5.124798770 0.439764857 .1)
(5.132985590 0.437632024 .1)
(5.141171930 0.435495853 .1)
(5.149358750 0.433356196 .1)
(5.157545090 0.431212991 .1)
(5.165731910 0.429066092 .1)
(5.173918250 0.426915407 .1)
(5.182105060 0.424760848 .1)
(5.190291400 0.422602594 .1)
(5.198478220 0.420440912 .1)
(5.206664560 0.418276191 .1)
(5.214851380 0.416108727 .1)
(5.223037720 0.413938820 .1)
(5.231224540 0.411766827 .1)
(5.239410880 0.409593046 .1)
(5.247597690 0.407417774 .1)
(5.255784030 0.405241370 .1)
(5.263970850 0.403063923 .1)
(5.272157190 0.400885284 .1)
(5.280344010 0.398705363 .1)
(5.288530350 0.396524012 .1)
(5.296717170 0.394341171 .1)
(5.304903510 0.392156661 .1)
(5.313090320 0.389970392 .1)
(5.321276660 0.387782276 .1)
(5.329463480 0.385592222 .1)
(5.337649820 0.383400351 .1)
(5.345836640 0.381206810 .1)
(5.354022980 0.379011720 .1)
(5.362209800 0.376815230 .1)
(5.370396140 0.374617457 .1)
(5.378582950 0.372418523 .1)
(5.386769290 0.370218575 .1)
(5.394956110 0.368017733 .1)
(5.403142450 0.365816265 .1)
(5.411329270 0.363614321 .1)
(5.419515610 0.361412227 .1)
(5.427702430 0.359210163 .1)
(5.435888770 0.357008368 .1)
(5.444075580 0.354807079 .1)
(5.452261920 0.352606535 .1)
(5.460448740 0.350407004 .1)
(5.468635080 0.348208576 .1)
(5.476821900 0.346011341 .1)
(5.485008240 0.343815416 .1)
(5.493195060 0.341620803 .1)
(5.501381400 0.339427620 .1)
(5.509568210 0.337235898 .1)
(5.517754550 0.335045755 .1)
(5.525941370 0.332857221 .1)
(5.534127710 0.330670387 .1)
(5.542314530 0.328485310 .1)
(5.550500870 0.326302022 .1)
(5.558687690 0.324120581 .1)
(5.566874500 0.321941048 .1)
(5.575060840 0.319763511 .1)
(5.583247660 0.317587972 .1)
(5.591434000 0.315414518 .1)
(5.599620820 0.313243181 .1)
(5.607807160 0.311073899 .1)
(5.615993980 0.308906585 .1)
(5.624180320 0.306741118 .1)
(5.632367130 0.304577410 .1)
(5.640553470 0.302415341 .1)
(5.648740290 0.300254792 .1)
(5.656926630 0.298095673 .1)
(5.665113450 0.295937866 .1)
(5.673299790 0.293781310 .1)
(5.681486610 0.291626364 .1)
(5.689672950 0.289473593 .1)
(5.697859760 0.287323594 .1)
(5.706046100 0.285176933 .1)
(5.714232920 0.283034205 .1)
(5.722419260 0.280895978 .1)
(5.730606080 0.278762877 .1)
(5.738792420 0.276635408 .1)
(5.746979240 0.274513870 .1)
(5.755165580 0.272397846 .1)
(5.763352390 0.270286977 .1)
(5.771538730 0.268180847 .1)
(5.779725550 0.266079098 .1)
(5.787911890 0.263981283 .1)
(5.796098710 0.261887074 .1)
(5.804285050 0.259796023 .1)
(5.812471870 0.257707864 .1)
(5.820658210 0.255622834 .1)
(5.828845020 0.253541350 .1)
(5.837031360 0.251463771 .1)
(5.845218180 0.249390557 .1)
(5.853404520 0.247322068 .1)
(5.861591340 0.245258704 .1)
(5.869777680 0.243200883 .1)
(5.877964500 0.241148993 .1)
(5.886150840 0.239103109 .1)
(5.894337650 0.237063065 .1)
(5.902523990 0.235028625 .1)
(5.910710810 0.232999608 .1)
(5.918897150 0.230975807 .1)
(5.927083970 0.228957012 .1)
(5.935270310 0.226943031 .1)
(5.943457130 0.224933654 .1)
(5.951643470 0.222928792 .1)
(5.959830280 0.220928699 .1)
(5.968016620 0.218933672 .1)
(5.976203440 0.216944054 .1)
(5.984389780 0.214960143 .1)
(5.992576600 0.212982267 .1)
(6.000762940 0.211010724 .1)
(6.008949760 0.209045842 .1)
(6.017136100 0.207087934 .1)
(6.025322910 0.205137134 .1)
(6.033509250 0.203193471 .1)
(6.041696070 0.201256961 .1)
(6.049882410 0.199327663 .1)
(6.058069230 0.197405592 .1)
(6.066255570 0.195490763 .1)
(6.074442390 0.193583220 .1)
(6.082628730 0.191682994 .1)
(6.090815540 0.189790115 .1)
(6.099001880 0.187904507 .1)
(6.107188700 0.186026037 .1)
(6.115375040 0.184154615 .1)
(6.123561860 0.182290077 .1)
(6.131748200 0.180432320 .1)
(6.139935020 0.178581193 .1)
(6.148121360 0.176736593 .1)
(6.156308170 0.174898386 .1)
(6.164494510 0.173066527 .1)
(6.172681330 0.171241283 .1)
(6.180867670 0.169422954 .1)
(6.189054490 0.167611837 .1)
(6.197240830 0.165808216 .1)
(6.205427650 0.164012402 .1)
(6.213613990 0.162224710 .1)
(6.221800800 0.160445422 .1)
(6.229987140 0.158674806 .1)
(6.238173960 0.156912878 .1)
(6.246360300 0.155159399 .1)
(6.254547120 0.153414175 .1)
(6.262733460 0.151676953 .1)
(6.270920280 0.149947509 .1)
(6.279106620 0.148225650 .1)
(6.287293430 0.146511137 .1)
(6.295479770 0.144803748 .1)
(6.303666590 0.143103421 .1)
(6.311852930 0.141410500 .1)
(6.320039750 0.139725462 .1)
(6.328226090 0.138048708 .1)
(6.336412910 0.136380702 .1)
(6.344599250 0.134721875 .1)
(6.352786060 0.133072689 .1)
(6.360972400 0.131433561 .1)
(6.369159220 0.129804909 .1)
(6.377345560 0.128186688 .1)
(6.385532380 0.126578465 .1)
(6.393718720 0.124979831 .1)
(6.401905540 0.123390354 .1)
(6.410091880 0.121809617 .1)
(6.418278690 0.120237201 .1)
(6.426465030 0.118672684 .1)
(6.434651850 0.117115639 .1)
(6.442838190 0.115565814 .1)
(6.451025010 0.114023566 .1)
(6.459211350 0.112489358 .1)
(6.467398170 0.110963672 .1)
(6.475584510 0.109446988 .1)
(6.483771320 0.107939787 .1)
(6.491957660 0.106442533 .1)
(6.500144480 0.104955710 .1)
(6.508330820 0.103479803 .1)
(6.516517640 0.102015145 .1)
(6.524703980 0.100561552 .1)
(6.532890800 0.099118702 .1)
(6.541077140 0.097686261 .1)
(6.549263950 0.096263915 .1)
(6.557450290 0.094851323 .1)
(6.565637110 0.093448169 .1)
(6.573823450 0.092054129 .1)
(6.582010270 0.090668872 .1)
(6.590196610 0.089292333 .1)
(6.598383430 0.087924749 .1)
(6.606569770 0.086566381 .1)
(6.614756580 0.085217483 .1)
(6.622942920 0.083878323 .1)
(6.631129740 0.082549162 .1)
(6.639316080 0.081230260 .1)
(6.647502900 0.079921871 .1)
(6.655689240 0.078624219 .1)
(6.663876060 0.077337272 .1)
(6.672062400 0.076060891 .1)
(6.680249210 0.074794918 .1)
(6.688435550 0.073539227 .1)
(6.696622370 0.072293669 .1)
(6.704808710 0.071058102 .1)
(6.712995530 0.069832377 .1)
(6.721181870 0.068616360 .1)
(6.729368690 0.067409992 .1)
(6.737555030 0.066213407 .1)
(6.745741840 0.065026768 .1)
(6.753928180 0.063850239 .1)
(6.762115000 0.062683970 .1)
(6.770301340 0.061528135 .1)
(6.778488160 0.060382884 .1)
(6.786674500 0.059248380 .1)
(6.794861320 0.058124773 .1)
(6.803047660 0.057012107 .1)
(6.811234470 0.055910330 .1)
(6.819420810 0.054819398 .1)
(6.827607630 0.053739253 .1)
(6.835793970 0.052669857 .1)
(6.843980790 0.051611148 .1)
(6.852167130 0.050563086 .1)
(6.860353950 0.049525619 .1)
(6.868540290 0.048498709 .1)
(6.876727100 0.047482375 .1)
(6.884913440 0.046476651 .1)
(6.893100260 0.045481574 .1)
(6.901286600 0.044497173 .1)
(6.909473420 0.043523487 .1)
(6.917659760 0.042560548 .1)
(6.925846580 0.041608390 .1)
(6.934032920 0.040667046 .1)
(6.942219730 0.039736550 .1)
(6.950406070 0.038816947 .1)
(6.958592890 0.037908267 .1)
(6.966779230 0.037010554 .1)
(6.974966050 0.036123846 .1)
(6.983152390 0.035248183 .1)
(6.991339210 0.034383606 .1)
(6.999525550 0.033530150 .1)
(7.007712360 0.032687858 .1)
(7.015898700 0.031856734 .1)
(7.024085520 0.031036729 .1)
(7.032271860 0.030227775 .1)
(7.040458680 0.029429806 .1)
(7.048645020 0.028642761 .1)
(7.056831840 0.027866574 .1)
(7.065018180 0.027101181 .1)
(7.073204990 0.026346518 .1)
(7.081391330 0.025602523 .1)
(7.089578150 0.024869177 .1)
(7.097764490 0.024146503 .1)
(7.105951310 0.023434527 .1)
(7.114137650 0.022733273 .1)
(7.122324470 0.022042763 .1)
(7.130510810 0.021363026 .1)
(7.138697620 0.020694083 .1)
(7.146883960 0.020035958 .1)
(7.155070780 0.019388679 .1)
(7.163257120 0.018752284 .1)
(7.171443940 0.018126810 .1)
(7.179630280 0.017512297 .1)
(7.187817100 0.016908787 .1)
(7.196003440 0.016316319 .1)
(7.204190250 0.015734933 .1)
(7.212376590 0.015164670 .1)
(7.220563410 0.014605570 .1)
(7.228749750 0.014057648 .1)
(7.236936570 0.013520863 .1)
(7.245122910 0.012995160 .1)
(7.253309730 0.012480490 .1)
(7.261496070 0.011976800 .1)
(7.269682880 0.011484037 .1)
(7.277869220 0.011002150 .1)
(7.286056040 0.010531087 .1)
(7.294242380 0.010070794 .1)
(7.302429200 0.009621232 .1)
(7.310615540 0.009182390 .1)
(7.318802360 0.008754267 .1)
(7.326988700 0.008336865 .1)
(7.335175510 0.007930181 .1)
(7.343361850 0.007534215 .1)
(7.351548670 0.007148966 .1)
(7.359735010 0.006774433 .1)
(7.367921830 0.006410616 .1)
(7.376108170 0.006057512 .1)
(7.384294990 0.005715109 .1)
(7.392481330 0.005383401 .1)
(7.400668140 0.005062375 .1)
(7.408854960 0.004752024 .1)
(7.417041300 0.004452338 .1)
(7.425228120 0.004163306 .1)
(7.433414460 0.003884920 .1)
(7.441601280 0.003617168 .1)
(7.449787620 0.003360015 .1)
(7.457974430 0.003113410 .1)
(7.466160770 0.002877299 .1)
(7.474347590 0.002651630 .1)
(7.482533930 0.002436350 .1)
(7.490720750 0.002231406 .1)
(7.498907090 0.002036747 .1)
(7.507093910 0.001852319 .1)
(7.515280250 0.001678094 .1)
(7.523467060 0.001514178 .1)
(7.531653400 0.001360718 .1)
(7.539840220 0.001217861 .1)
(7.548026560 0.001085755 .1)
(7.556213380 0.000964548 .1)
(7.564399720 0.000854386 .1)
(7.572586540 0.000755418 .1)
(7.580772880 0.000667789 .1)
(7.588959690 0.000591403 .1)
(7.597146030 0.000525582 .1)
(7.605332850 0.000469565 .1)
(7.613519190 0.000422592 .1)
(7.621706010 0.000383903 .1)
(7.629892350 0.000352737 .1)
(7.638079170 0.000328333 .1)
(7.646265510 0.000309930 .1)
(7.654452320 0.000296770 .1)
(7.662638660 0.000288138 .1)
(7.670825480 0.000283370 .1)
(7.679011820 0.000281805 .1)
(7.687198640 0.000282784 .1)
(7.695384980 0.000285644 .1)
(7.703571800 0.000289726 .1)
(7.711758140 0.000294368 .1)
(7.719944950 0.000298910 .1)
(7.728131290 0.000302693 .1)
(7.736318110 0.000305290 .1)
(7.744504450 0.000306806 .1)
(7.752691270 0.000307419 .1)
(7.760877610 0.000307307 .1)
(7.769064430 0.000306646 .1)
(7.777250770 0.000305615 .1)
(7.785437580 0.000304392 .1)
(7.793623920 0.000303153 .1)
(7.801810740 0.000302077 .1)
(7.809997080 0.000301306 .1)
(7.818183900 0.000300836 .1)
(7.826370240 0.000300619 .1)
(7.834557060 0.000300607 .1)
(7.842743400 0.000300753 .1)
(7.850930210 0.000301009 .1)
(7.859116550 0.000301330 .1)
(7.867303370 0.000301666 .1)
(7.875489710 0.000301972 .1)
(7.883676530 0.000302202 .1)
(7.891862870 0.000302350 .1)
(7.900049690 0.000302427 .1)
(7.908236030 0.000302446 .1)
(7.916422840 0.000302418 .1)
(7.924609180 0.000302356 .1)
(7.932796000 0.000302272 .1)
(7.940982340 0.000302179 .1)
(7.949169160 0.000302088 .1)
(7.957355500 0.000302012 .1)
(7.965542320 0.000301956 .1)
(7.973728660 0.000301919 .1)
(7.981915470 0.000301899 .1)
(7.990101810 0.000301895 .1)
(7.998288630 0.000301906 .1)
(8.006475450 0.000301929 .1)
(8.014661790 0.000301963 .1)
(8.022848130 0.000302007 .1)
(8.031034470 0.000302059 .1)
(8.039221760 0.000302117 .1)
(8.047408100 0.000302174 .1)
(8.055594440 0.000302224 .1)
(8.063780780 0.000302261 .1)
(8.071968080 0.000302280 .1)
(8.080154420 0.000302275 .1)
(8.088340760 0.000302238 .1)
(8.096527100 0.000302165 .1)
(8.104714390 0.000302048 .1)
(8.112900730 0.000301886 .1)
(8.121087070 0.000301685 .1)
(8.129273410 0.000301455 .1)
(8.137460710 0.000301208 .1)
(8.145647050 0.000300953 .1)
(8.153833390 0.000300702 .1)
(8.162019730 0.000300463 .1)
(8.170207020 0.000300249 .1)
(8.178393360 0.000300070 .1)
(8.186579700 0.000299934 .1)
(8.194766040 0.000299842 .1)
(8.202953340 0.000299788 .1)
(8.211139680 0.000299768 .1)
(8.219326020 0.000299777 .1)
(8.227512360 0.000299809 .1)
(8.235699650 0.000299859 .1)
(8.243885990 0.000299923 .1)
(8.252072330 0.000299995 .1)
(8.260258670 0.000300071 .1)
(8.268445970 0.000300145 .1)
(8.276632310 0.000300211 .1)
(8.284818650 0.000300263 .1)
(8.293004990 0.000300298 .1)
(8.301192280 0.000300307 .1)
(8.309378620 0.000300287 .1)
(8.317564960 0.000300232 .1)
(8.325751300 0.000300135 .1)
(8.333938600 0.000299992 .1)
(8.342124940 0.000299802 .1)
(8.350311280 0.000299576 .1)
(8.358497620 0.000299327 .1)
(8.366684910 0.000299067 .1)
(8.374871250 0.000298807 .1)
(8.383057590 0.000298560 .1)
(8.391243930 0.000298338 .1)
(8.399431230 0.000298152 .1)
(8.407617570 0.000298016 .1)
(8.415803910 0.000297937 .1)
(8.423990250 0.000297906 .1)
(8.432177540 0.000297911 .1)
(8.440363880 0.000297941 .1)
(8.448550220 0.000297983 .1)
(8.456736560 0.000298025 .1)
(8.464923860 0.000298056 .1)
(8.473110200 0.000298062 .1)
(8.481296540 0.000298032 .1)
(8.489482880 0.000297955 .1)
(8.497670170 0.000297832 .1)
(8.505856510 0.000297668 .1)
(8.514042850 0.000297469 .1)
(8.522229190 0.000297240 .1)
(8.530416490 0.000296987 .1)
(8.538602830 0.000296715 .1)
(8.546789170 0.000296430 .1)
(8.554975510 0.000296138 .1)
(8.563162800 0.000295845 .1)
(8.571349140 0.000295555 .1)
(8.579535480 0.000295273 .1)
(8.587721820 0.000295006 .1)
(8.595909120 0.000294757 .1)
(8.604095460 0.000294532 .1)
(8.612281800 0.000294336 .1)
(8.620468140 0.000294174 .1)
(8.628655430 0.000294052 .1)
(8.636841770 0.000293973 .1)
(8.645028110 0.000293939 .1)
(8.653214450 0.000293938 .1)
(8.661401750 0.000293961 .1)
(8.669588090 0.000293997 .1)
(8.677774430 0.000294034 .1)
(8.685960770 0.000294062 .1)
(8.694148060 0.000294071 .1)
(8.702334400 0.000294050 .1)
(8.710520740 0.000293988 .1)
(8.718707080 0.000293878 .1)
(8.726894380 0.000293724 .1)
(8.735080720 0.000293534 .1)
(8.743267060 0.000293314 .1)
(8.751453400 0.000293072 .1)
(8.759640690 0.000292815 .1)
(8.767827030 0.000292550 .1)
(8.776013370 0.000292284 .1)
(8.784199710 0.000292024 .1)
(8.792387010 0.000291777 .1)
(8.800573350 0.000291543 .1)
(8.808759690 0.000291319 .1)
(8.816946030 0.000291104 .1)
(8.825133320 0.000290893 .1)
(8.833319660 0.000290686 .1)
(8.841506000 0.000290480 .1)
(8.849692340 0.000290271 .1)
(8.857879640 0.000290059 .1)
(8.866065980 0.000289840 .1)
(8.874252320 0.000289615 .1)
(8.882438660 0.000289386 .1)
(8.890625950 0.000289157 .1)
(8.898812290 0.000288928 .1)
(8.906998630 0.000288704 .1)
(8.915184970 0.000288485 .1)
(8.923372270 0.000288276 .1)
(8.931558610 0.000288079 .1)
(8.939744950 0.000287895 .1)
(8.947931290 0.000287724 .1)
(8.956118580 0.000287559 .1)
(8.964304920 0.000287391 .1)
(8.972491260 0.000287213 .1)
(8.980677600 0.000287018 .1)
(8.988864900 0.000286798 .1)
(8.997051240 0.000286544 .1)
(9.005237580 0.000286249 .1)
(9.013423920 0.000285906 .1)
(9.021611210 0.000285510 .1)
(9.029797550 0.000285073 .1)
(9.037983890 0.000284608 .1)
(9.046170230 0.000284128 .1)
(9.054357530 0.000283646 .1)
(9.062543870 0.000283175 .1)
(9.070730210 0.000282729 .1)
(9.078916550 0.000282321 .1)
(9.087103840 0.000281963 .1)
(9.095290180 0.000281667 .1)
(9.103476520 0.000281425 .1)
(9.111662860 0.000281223 .1)
(9.119850160 0.000281045 .1)
(9.128036500 0.000280878 .1)
(9.136222840 0.000280706 .1)
(9.144409180 0.000280516 .1)
(9.152596470 0.000280292 .1)
(9.160782810 0.000280020 .1)
(9.168969150 0.000279686 .1)
(9.177155490 0.000279293 .1)
(9.185342790 0.000278855 .1)
(9.193529130 0.000278387 .1)
(9.201715470 0.000277903 .1)
(9.209901810 0.000277417 .1)
(9.218089100 0.000276945 .1)
(9.226275440 0.000276501 .1)
(9.234461780 0.000276099 .1)
(9.242648120 0.000275754 .1)
(9.250835420 0.000275469 .1)
(9.259021760 0.000275233 .1)
(9.267208100 0.000275032 .1)
(9.275395390 0.000274853 .1)
(9.283581730 0.000274682 .1)
(9.291768070 0.000274508 .1)
(9.299954410 0.000274316 .1)
(9.308141710 0.000274092 .1)
(9.316328050 0.000273825 .1)
(9.324514390 0.000273506 .1)
(9.332700730 0.000273138 .1)
(9.340888020 0.000272731 .1)
(9.349074360 0.000272293 .1)
(9.357260700 0.000271829 .1)
(9.365447040 0.000271349 .1)
(9.373634340 0.000270861 .1)
(9.381820680 0.000270371 .1)
(9.390007020 0.000269887 .1)
(9.398193360 0.000269417 .1)
(9.406380650 0.000268959 .1)
(9.414566990 0.000268514 .1)
(9.422753330 0.000268077 .1)
(9.430939670 0.000267647 .1)
(9.439126970 0.000267223 .1)
(9.447313310 0.000266802 .1)
(9.455499650 0.000266381 .1)
(9.463685990 0.000265960 .1)
(9.471873280 0.000265535 .1)
(9.480059620 0.000265107 .1)
(9.488245960 0.000264676 .1)
(9.496432300 0.000264242 .1)
(9.504619600 0.000263806 .1)
(9.512805940 0.000263368 .1)
(9.520992280 0.000262929 .1)
(9.529178620 0.000262490 .1)
(9.537365910 0.000262049 .1)
(9.545552250 0.000261610 .1)
(9.553738590 0.000261170 .1)
(9.561924930 0.000260732 .1)
(9.570112230 0.000260294 .1)
(9.578298570 0.000259856 .1)
(9.586484910 0.000259420 .1)
(9.594671250 0.000258984 .1)
(9.602858540 0.000258550 .1)
(9.611044880 0.000258116 .1)
(9.619231220 0.000257683 .1)
(9.627417560 0.000257252 .1)
(9.635604860 0.000256821 .1)
(9.643791200 0.000256389 .1)
(9.651977540 0.000255957 .1)
(9.660163880 0.000255524 .1)
(9.668351170 0.000255089 .1)
(9.676537510 0.000254651 .1)
(9.684723850 0.000254211 .1)
(9.692910190 0.000253766 .1)
(9.701097490 0.000253318 .1)
(9.709283830 0.000252868 .1)
(9.717470170 0.000252417 .1)
(9.725656510 0.000251968 .1)
(9.733843800 0.000251523 .1)
(9.742030140 0.000251084 .1)
(9.750216480 0.000250653 .1)
(9.758402820 0.000250233 .1)
(9.766590120 0.000249825 .1)
(9.774776460 0.000249431 .1)
(9.782962800 0.000249046 .1)
(9.791149140 0.000248665 .1)
(9.799336430 0.000248278 .1)
(9.807522770 0.000247878 .1)
(9.815709110 0.000247457 .1)
(9.823895450 0.000247009 .1)
(9.832082750 0.000246524 .1)
(9.840269090 0.000245997 .1)
(9.848455430 0.000245418 .1)
(9.856641770 0.000244790 .1)
(9.864829060 0.000244124 .1)
(9.873015400 0.000243435 .1)
(9.881201740 0.000242736 .1)
(9.889388080 0.000242038 .1)
(9.897575380 0.000241357 .1)
(9.905761720 0.000240704 .1)
(9.913948060 0.000240093 .1)
(9.922134400 0.000239537 .1)
(9.930321690 0.000239043 .1)
(9.938508030 0.000238597 .1)
(9.946694370 0.000238186 .1)
(9.954880710 0.000237795 .1)
(9.963068010 0.000237410 .1)
(9.971254350 0.000237015 .1)
(9.979440690 0.000236597 .1)
(9.987627030 0.000236140 .1)
(9.995814320 0.000235631 .1)
(10.004000700 0.000235058 .1)
(10.012187000 0.000234431 .1)
(10.020373300 0.000233763 .1)
(10.028560600 0.000233070 .1)
(10.036747000 0.000232366 .1)
(10.044933300 0.000231666 .1)
(10.053119700 0.000230984 .1)
(10.061307000 0.000230335 .1)
(10.069493300 0.000229733 .1)
(10.077679600 0.000229192 .1)
(10.085866000 0.000228708 .1)
(10.094053300 0.000228268 .1)
(10.102239600 0.000227859 .1)
(10.110425900 0.000227468 .1)
(10.118612300 0.000227080 .1)
(10.126799600 0.000226683 .1)
(10.134985900 0.000226264 .1)
(10.143172300 0.000225808 .1)
(10.151358600 0.000225303 .1)
(10.159545900 0.000224745 .1)
(10.167732200 0.000224142 .1)
(10.175918600 0.000223503 .1)
(10.184104900 0.000222834 .1)
(10.192292200 0.000222145 .1)
(10.200478600 0.000221443 .1)
(10.208664900 0.000220738 .1)
(10.216851200 0.000220036 .1)
(10.225038500 0.000219347 .1)
(10.233224900 0.000218676 .1)
(10.241411200 0.000218018 .1)
(10.249597500 0.000217371 .1)
(10.257784800 0.000216730 .1)
(10.265971200 0.000216091 .1)
(10.274157500 0.000215450 .1)
(10.282343900 0.000214804 .1)
(10.290531200 0.000214148 .1)
(10.298717500 0.000213478 .1)
(10.306903800 0.000212792 .1)
(10.315090200 0.000212096 .1)
(10.323277500 0.000211396 .1)
(10.331463800 0.000210702 .1)
(10.339650200 0.000210019 .1)
(10.347836500 0.000209356 .1)
(10.356023800 0.000208721 .1)
(10.364210100 0.000208120 .1)
(10.372396500 0.000207562 .1)
(10.380582800 0.000207054 .1)
(10.388770100 0.000206590 .1)
(10.396956400 0.000206159 .1)
(10.405142800 0.000205750 .1)
(10.413329100 0.000205352 .1)
(10.421516400 0.000204954 .1)
(10.429702800 0.000204543 .1)
(10.437889100 0.000204110 .1)
(10.446075400 0.000203642 .1)
(10.454262700 0.000203128 .1)
(10.462449100 0.000202567 .1)
(10.470635400 0.000201965 .1)
(10.478821800 0.000201328 .1)
(10.487009000 0.000200664 .1)
(10.495195400 0.000199980 .1)
(10.503381700 0.000199283 .1)
(10.511568100 0.000198580 .1)
(10.519755400 0.000197878 .1)
(10.527941700 0.000197184 .1)
(10.536128000 0.000196502 .1)
(10.544314400 0.000195831 .1)
(10.552501700 0.000195170 .1)
(10.560688000 0.000194517 .1)
(10.568874400 0.000193869 .1)
(10.577060700 0.000193225 .1)
(10.585248000 0.000192584 .1)
(10.593434300 0.000191942 .1)
(10.601620700 0.000191299 .1)
(10.609807000 0.000190653 .1)
(10.617994300 0.000190005 .1)
(10.626180600 0.000189354 .1)
(10.634367000 0.000188700 .1)
(10.642553300 0.000188046 .1)
(10.650740600 0.000187391 .1)
(10.658927000 0.000186735 .1)
(10.667113300 0.000186079 .1)
(10.675299600 0.000185423 .1)
(10.683486900 0.000184769 .1)
(10.691673300 0.000184115 .1)
(10.699859600 0.000183462 .1)
(10.708046000 0.000182810 .1)
(10.716233300 0.000182158 .1)
(10.724419600 0.000181506 .1)
(10.732605900 0.000180853 .1)
(10.740792300 0.000180200 .1)
(10.748979600 0.000179547 .1)
(10.757165900 0.000178893 .1)
(10.765352200 0.000178237 .1)
(10.773538600 0.000177582 .1)
(10.781725900 0.000176926 .1)
(10.789912200 0.000176270 .1)
(10.798098600 0.000175614 .1)
(10.806284900 0.000174959 .1)
(10.814472200 0.000174305 .1)
(10.822658500 0.000173653 .1)
(10.830844900 0.000173001 .1)
(10.839031200 0.000172352 .1)
(10.847218500 0.000171703 .1)
(10.855404900 0.000171054 .1)
(10.863591200 0.000170405 .1)
(10.871777500 0.000169755 .1)
(10.879964800 0.000169102 .1)
(10.888151200 0.000168446 .1)
(10.896337500 0.000167787 .1)
(10.904523800 0.000167124 .1)
(10.912711100 0.000166456 .1)
(10.920897500 0.000165786 .1)
(10.929083800 0.000165116 .1)
(10.937270200 0.000164449 .1)
(10.945457500 0.000163786 .1)
(10.953643800 0.000163131 .1)
(10.961830100 0.000162486 .1)
(10.970016500 0.000161854 .1)
(10.978203800 0.000161237 .1)
(10.986390100 0.000160636 .1)
(10.994576500 0.000160047 .1)
(11.002762800 0.000159458 .1)
(11.010950100 0.000158862 .1)
(11.019136400 0.000158249 .1)
(11.027322800 0.000157609 .1)
(11.035509100 0.000156933 .1)
(11.043696400 0.000156211 .1)
(11.051882700 0.000155434 .1)
(11.060069100 0.000154594 .1)
(11.068255400 0.000153696 .1)
(11.076442700 0.000152760 .1)
(11.084629100 0.000151805 .1)
(11.092815400 0.000150853 .1)
(11.101001700 0.000149923 .1)
(11.109189000 0.000149036 .1)
(11.117375400 0.000148210 .1)
(11.125561700 0.000147468 .1)
(11.133749000 0.000146827 .1)
(11.141935300 0.000146293 .1)
(11.150121700 0.000145844 .1)
(11.158308000 0.000145454 .1)
(11.166495300 0.000145098 .1)
(11.174681700 0.000144750 .1)
(11.182868000 0.000144385 .1)
(11.191054300 0.000143978 .1)
(11.199241600 0.000143503 .1)
(11.207428000 0.000142935 .1)
(11.215614300 0.000142257 .1)
(11.223800700 0.000141484 .1)
(11.231988000 0.000140635 .1)
(11.240174300 0.000139731 .1)
(11.248360600 0.000138791 .1)
(11.256547000 0.000137836 .1)
(11.264734300 0.000136886 .1)
(11.272920600 0.000135961 .1)
(11.281106900 0.000135081 .1)
(11.289293300 0.000134264 .1)
(11.297480600 0.000133508 .1)
(11.305666900 0.000132805 .1)
(11.313853300 0.000132144 .1)
(11.322039600 0.000131516 .1)
(11.330226900 0.000130911 .1)
(11.338413200 0.000130321 .1)
(11.346599600 0.000129735 .1)
(11.354785900 0.000129143 .1)
(11.362973200 0.000128537 .1)
(11.371159600 0.000127914 .1)
(11.379345900 0.000127276 .1)
(11.387532200 0.000126626 .1)
(11.395719500 0.000125966 .1)
(11.403905900 0.000125299 .1)
(11.412092200 0.000124628 .1)
(11.420278500 0.000123956 .1)
(11.428465800 0.000123284 .1)
(11.436652200 0.000122617 .1)
(11.444838500 0.000121954 .1)
(11.453024900 0.000121297 .1)
(11.461212200 0.000120642 .1)
(11.469398500 0.000119991 .1)
(11.477584800 0.000119341 .1)
(11.485771200 0.000118693 .1)
(11.493958500 0.000118044 .1)
(11.502144800 0.000117395 .1)
(11.510331200 0.000116745 .1)
(11.518517500 0.000116092 .1)
(11.526704800 0.000115438 .1)
(11.534891100 0.000114782 .1)
(11.543077500 0.000114127 .1)
(11.551263800 0.000113472 .1)
(11.559451100 0.000112817 .1)
(11.567637400 0.000112165 .1)
(11.575823800 0.000111514 .1)
(11.584010100 0.000110867 .1)
(11.592197400 0.000110223 .1)
(11.600383800 0.000109581 .1)
(11.608570100 0.000108939 .1)
(11.616756400 0.000108296 .1)
(11.624943700 0.000107649 .1)
(11.633130100 0.000106997 .1)
(11.641316400 0.000106337 .1)
(11.649502800 0.000105669 .1)
(11.657690000 0.000104990 .1)
(11.665876400 0.000104298 .1)
(11.674062700 0.000103597 .1)
(11.682249100 0.000102893 .1)
(11.690436400 0.000102195 .1)
(11.698622700 0.000101508 .1)
(11.706809000 0.000100840 .1)
(11.714995400 0.000100197 .1)
(11.723182700 0.000099588 .1)
(11.731369000 0.000099019 .1)
(11.739555400 0.000098496 .1)
(11.747741700 0.000098020 .1)
(11.755929000 0.000097581 .1)
(11.764115300 0.000097168 .1)
(11.772301700 0.000096768 .1)
(11.780488000 0.000096370 .1)
(11.788675300 0.000095964 .1)
(11.796861600 0.000095539 .1)
(11.805048000 0.000095082 .1)
(11.813234300 0.000094582 .1)
(11.821421600 0.000094033 .1)
(11.829608000 0.000093440 .1)
(11.837794300 0.000092810 .1)
(11.845980600 0.000092152 .1)
(11.854167900 0.000091472 .1)
(11.862354300 0.000090779 .1)
(11.870540600 0.000090080 .1)
(11.878727000 0.000089383 .1)
(11.886914300 0.000088694 .1)
(11.895100600 0.000088022 .1)
(11.903286900 0.000087363 .1)
(11.911473300 0.000086715 .1)
(11.919660600 0.000086074 .1)
(11.927846900 0.000085435 .1)
(11.936033200 0.000084795 .1)
(11.944219600 0.000084149 .1)
(11.952406900 0.000083494 .1)
(11.960593200 0.000082825 .1)
(11.968779600 0.000082139 .1)
(11.976965900 0.000081439 .1)
(11.985153200 0.000080734 .1)
(11.993339500 0.000080031 .1)
(12.001525900 0.000079339 .1)
(12.009712200 0.000078666 .1)
(12.017899500 0.000078020 .1)
(12.026085900 0.000077410 .1)
(12.034272200 0.000076843 .1)
(12.042458500 0.000076328 .1)
(12.050645800 0.000075864 .1)
(12.058832200 0.000075439 .1)
(12.067018500 0.000075039 .1)
(12.075204800 0.000074650 .1)
(12.083392100 0.000074260 .1)
(12.091578500 0.000073856 .1)
(12.099764800 0.000073423 .1)
(12.107951200 0.000072948 .1)
(12.116138500 0.000072418 .1)
(12.124324800 0.000071827 .1)
(12.132511100 0.000071185 .1)
(12.140697500 0.000070508 .1)
(12.148884800 0.000069810 .1)
(12.157071100 0.000069106 .1)
(12.165257500 0.000068410 .1)
(12.173443800 0.000067737 .1)
(12.181631100 0.000067101 .1)
(12.189817400 0.000066517 .1)
(12.198003800 0.000065996 .1)
(12.206190100 0.000065531 .1)
(12.214377400 0.000065106 .1)
(12.222563700 0.000064708 .1)
(12.230750100 0.000064322 .1)
(12.238936400 0.000063934 .1)
(12.247123700 0.000063527 .1)
(12.255310100 0.000063089 .1)
(12.263496400 0.000062605 .1)
(12.271682700 0.000062061 .1)
(12.279870000 0.000061460 .1)
(12.288056400 0.000060814 .1)
(12.296242700 0.000060137 .1)
(12.304429100 0.000059442 .1)
(12.312616300 0.000058741 .1)
(12.320802700 0.000058049 .1)
(12.328989000 0.000057378 .1)
(12.337175400 0.000056742 .1)
(12.345362700 0.000056153 .1)
(12.353549000 0.000055615 .1)
(12.361735300 0.000055122 .1)
(12.369921700 0.000054666 .1)
(12.378109000 0.000054240 .1)
(12.386295300 0.000053835 .1)
(12.394481700 0.000053445 .1)
(12.402668000 0.000053062 .1)
(12.410855300 0.000052678 .1)
(12.419041600 0.000052286 .1)
(12.427228000 0.000051880 .1)
(12.435414300 0.000051463 .1)
(12.443601600 0.000051034 .1)
(12.451787900 0.000050598 .1)
(12.459974300 0.000050156 .1)
(12.468160600 0.000049709 .1)
(12.476347900 0.000049260 .1)
(12.484534300 0.000048810 .1)
(12.492720600 0.000048363 .1)
(12.500906900 0.000047918 .1)
)
);
//EDGES-END
//EDGES-END
//EDGES-END


boundary
(
    bottomWall
    {
        type            wall;
        faces           ((4 0 1 5));
    }
    
    topWall
    {
        type            wall;
        faces           ((10 11 8 9));
    }

    inlet
    {
        type            patch;
        faces
	(
	 (7 3 0 4)
	 (7 10 9 3)
	);
    }

    outlet
    {
        type            patch;
        faces
	(
	 (6 5 1 2)
	 (11 6 2 8)
	);
    }

    frontAndBack
    {
        type            empty;
        faces
	(
	 (6 7 4 5)
	 (10 7 6 11)
	 (0 3 2 1)
	 (3 9 8 2)
	);
    }

);

mergePatchPairs
(
);

// ************************************************************************* //
