0 0.00251982 0.03
0 0.00768546 0.03
0 0.0131094 0.03
0 0.0188045 0.03
0 0.0247844 0.03
0 0.0310632 0.03
0 0.037656 0.03
0 0.0445785 0.03
0 0.051847 0.03
0 0.059479 0.03
0 0.0674926 0.03
0 0.0759069 0.03
0 0.0847419 0.03
0 0.0940187 0.03
0 0.103759 0.03
0 0.113987 0.03
0 0.124726 0.03
0 0.136002 0.03
0 0.147841 0.03
0 0.160273 0.03
0 0.173327 0.03
0 0.187032 0.03
0 0.201424 0.03
0 0.216535 0.03
0 0.232401 0.03
0 0.249061 0.03
0 0.266553 0.03
0 0.284921 0.03
0 0.304206 0.03
0 0.324456 0.03
0 0.345719 0.03
0 0.368044 0.03
0 0.391486 0.03
0 0.4161 0.03
0 0.441945 0.03
0 0.469082 0.03
0 0.497575 0.03
0 0.527494 0.03
0 0.558908 0.03
0 0.591893 0.03
0 0.626528 0.03
0 0.662894 0.03
0 0.701078 0.03
0 0.741171 0.03
0 0.78327 0.03
0 0.827473 0.03
0 0.873886 0.03
0 0.92262 0.03
0 0.973791 0.03
0 1.02621 0.03
0 1.07738 0.03
0 1.12611 0.03
0 1.17253 0.03
0 1.21673 0.03
0 1.25883 0.03
0 1.29892 0.03
0 1.33711 0.03
0 1.37347 0.03
0 1.40811 0.03
0 1.44109 0.03
0 1.47251 0.03
0 1.50242 0.03
0 1.53092 0.03
0 1.55806 0.03
0 1.5839 0.03
0 1.60851 0.03
0 1.63196 0.03
0 1.65428 0.03
0 1.67554 0.03
0 1.69579 0.03
0 1.71508 0.03
0 1.73345 0.03
0 1.75094 0.03
0 1.7676 0.03
0 1.78347 0.03
0 1.79858 0.03
0 1.81297 0.03
0 1.82667 0.03
0 1.83973 0.03
0 1.85216 0.03
0 1.864 0.03
0 1.87527 0.03
0 1.88601 0.03
0 1.89624 0.03
0 1.90598 0.03
0 1.91526 0.03
0 1.92409 0.03
0 1.93251 0.03
0 1.94052 0.03
0 1.94815 0.03
0 1.95542 0.03
0 1.96234 0.03
0 1.96894 0.03
0 1.97522 0.03
0 1.9812 0.03
0 1.98689 0.03
0 1.99231 0.03
0 1.99748 0.03
