TITLE     = "Lower surface points for converging-diverging channel"
FROM https://turbase.cineca.it/init/routes/#/logging/view_dataset/39/tabmeta
VARIABLES = "X","Y"
0.00000000E+00 0.00000000E+00
8.18657968E-03 0.00000000E+00
1.63731594E-02 0.00000000E+00
2.45597400E-02 0.00000000E+00
3.27463187E-02 0.00000000E+00
4.09328975E-02 0.00000000E+00
4.91194800E-02 0.00000000E+00
5.73060587E-02 0.00000000E+00
6.54926375E-02 0.00000000E+00
7.36792162E-02 0.00000000E+00
8.18657950E-02 0.00000000E+00
9.00523812E-02 0.00000000E+00
9.82389599E-02 0.00000000E+00
1.06425539E-01 0.00000000E+00
1.14612117E-01 0.00000000E+00
1.22798696E-01 0.00000000E+00
1.30985275E-01 0.00000000E+00
1.39171854E-01 0.00000000E+00
1.47358432E-01 0.00000000E+00
1.55545011E-01 0.00000000E+00
1.63731590E-01 0.00000000E+00
1.71918169E-01 0.00000000E+00
1.80104762E-01 0.00000000E+00
1.88291341E-01 0.00000000E+00
1.96477920E-01 0.00000000E+00
2.04664499E-01 0.00000000E+00
2.12851077E-01 0.00000000E+00
2.21037656E-01 0.00000000E+00
2.29224235E-01 0.00000000E+00
2.37410814E-01 0.00000000E+00
2.45597392E-01 0.00000000E+00
2.53783971E-01 0.00000000E+00
2.61970550E-01 0.00000000E+00
2.70157129E-01 0.00000000E+00
2.78343707E-01 0.00000000E+00
2.86530286E-01 0.00000000E+00
2.94716865E-01 0.00000000E+00
3.02903444E-01 0.00000000E+00
3.11090022E-01 0.00000000E+00
3.19276601E-01 0.00000000E+00
3.27463180E-01 0.00000000E+00
3.35649759E-01 0.00000000E+00
3.43836337E-01 0.00000000E+00
3.52022946E-01 0.00000000E+00
3.60209525E-01 0.00000000E+00
3.68396103E-01 0.00000000E+00
3.76582682E-01 0.00000000E+00
3.84769261E-01 0.00000000E+00
3.92955840E-01 0.00000000E+00
4.01142418E-01 0.00000000E+00
4.09328997E-01 0.00000000E+00
4.17515576E-01 0.00000000E+00
4.25702155E-01 0.00000000E+00
4.33888733E-01 0.00000000E+00
4.42075312E-01 5.60382541E-05
4.50261891E-01 7.05890125E-05
4.58448470E-01 8.74151228E-05
4.66635048E-01 1.06663269E-04
4.74821627E-01 1.28480126E-04
4.83008206E-01 1.53012385E-04
4.91194785E-01 1.80406700E-04
4.99381363E-01 2.10809769E-04
5.07567942E-01 2.44370196E-04
5.15754521E-01 2.81244720E-04
5.23941100E-01 3.21592350E-04
5.32127678E-01 3.65571963E-04
5.40314257E-01 4.13342554E-04
5.48500836E-01 4.65063029E-04
5.56687415E-01 5.20892383E-04
5.64873993E-01 5.80989465E-04
5.73060572E-01 6.45513297E-04
5.81247151E-01 7.14623078E-04
5.89433730E-01 7.88478414E-04
5.97620308E-01 8.67238792E-04
6.05806887E-01 9.51063761E-04
6.13993466E-01 1.04011293E-03
6.22180045E-01 1.13454589E-03
6.30366623E-01 1.23452209E-03
6.38553202E-01 1.34020124E-03
6.46739781E-01 1.45173958E-03
6.54926360E-01 1.56927796E-03
6.63112938E-01 1.69295270E-03
6.71299517E-01 1.82289979E-03
6.79486096E-01 1.95925566E-03
6.87672675E-01 2.10215617E-03
6.95859313E-01 2.25173752E-03
7.04045892E-01 2.40813638E-03
7.12232471E-01 2.57148873E-03
7.20419049E-01 2.74194987E-03
7.28605628E-01 2.91969627E-03
7.36792207E-01 3.10490606E-03
7.44978786E-01 3.29775736E-03
7.53165364E-01 3.49842780E-03
7.61351943E-01 3.70709575E-03
7.69538522E-01 3.92393908E-03
7.77725101E-01 4.14913567E-03
7.85911679E-01 4.38285526E-03
7.94098258E-01 4.62522404E-03
8.02284837E-01 4.87635517E-03
8.10471416E-01 5.13635995E-03
8.18657994E-01 5.40535199E-03
8.26844573E-01 5.68344304E-03
8.35031152E-01 5.97074581E-03
8.43217731E-01 6.26737252E-03
8.51404309E-01 6.57343771E-03
8.59590888E-01 6.88909693E-03
8.67777467E-01 7.21456204E-03
8.75964046E-01 7.55004911E-03
8.84150624E-01 7.89577141E-03
8.92337203E-01 8.25194642E-03
9.00523782E-01 8.61878693E-03
9.08710361E-01 8.99650995E-03
9.16896939E-01 9.38532874E-03
9.25083518E-01 9.78543796E-03
9.33270097E-01 1.01969056E-02
9.41456676E-01 1.06197605E-02
9.49643254E-01 1.10540306E-02
9.57829833E-01 1.14997448E-02
9.66016412E-01 1.19569292E-02
9.74202991E-01 1.24256136E-02
9.82389569E-01 1.29058249E-02
9.90576148E-01 1.33975940E-02
9.98762727E-01 1.39010428E-02
1.00694931E+00 1.44164069E-02
1.01513588E+00 1.49439303E-02
1.02332246E+00 1.54838571E-02
1.03150904E+00 1.60364304E-02
1.03969562E+00 1.66018922E-02
1.04788220E+00 1.71804875E-02
1.05606878E+00 1.77724604E-02
1.06425536E+00 1.83780380E-02
1.07244194E+00 1.89973563E-02
1.08062851E+00 1.96305290E-02
1.08881509E+00 2.02776641E-02
1.09700167E+00 2.09388696E-02
1.10518825E+00 2.16142572E-02
1.11337483E+00 2.23039370E-02
1.12156141E+00 2.30080169E-02
1.12974799E+00 2.37266067E-02
1.13793457E+00 2.44598109E-02
1.14612114E+00 2.52077263E-02
1.15430772E+00 2.59704478E-02
1.16249430E+00 2.67480724E-02
1.17068088E+00 2.75406968E-02
1.17886746E+00 2.83484142E-02
1.18705404E+00 2.91713234E-02
1.19524062E+00 3.00095212E-02
1.20342720E+00 3.08630951E-02
1.21161377E+00 3.17321122E-02
1.21980035E+00 3.26166265E-02
1.22798693E+00 3.35166976E-02
1.23617351E+00 3.44323851E-02
1.24436009E+00 3.53637412E-02
1.25254667E+00 3.63108218E-02
1.26073325E+00 3.72736938E-02
1.26891983E+00 3.82524095E-02
1.27710640E+00 3.92471552E-02
1.28529298E+00 4.02582474E-02
1.29347956E+00 4.12859879E-02
1.30166614E+00 4.23307009E-02
1.30985272E+00 4.33926955E-02
1.31803930E+00 4.44722846E-02
1.32622588E+00 4.55697812E-02
1.33441246E+00 4.66855057E-02
1.34259903E+00 4.78196740E-02
1.35078561E+00 4.89721969E-02
1.35897219E+00 5.01428992E-02
1.36715877E+00 5.13316132E-02
1.37534535E+00 5.25381714E-02
1.38353193E+00 5.37624061E-02
1.39171863E+00 5.50041497E-02
1.39990520E+00 5.62632307E-02
1.40809178E+00 5.75395003E-02
1.41627836E+00 5.88331074E-02
1.42446494E+00 6.01444058E-02
1.43265152E+00 6.14737533E-02
1.44083810E+00 6.28215149E-02
1.44902468E+00 6.41880482E-02
1.45721126E+00 6.55737147E-02
1.46539783E+00 6.69788793E-02
1.47358441E+00 6.84038848E-02
1.48177099E+00 6.98489770E-02
1.48995757E+00 7.13140965E-02
1.49814415E+00 7.27991462E-02
1.50633073E+00 7.43040442E-02
1.51451731E+00 7.58287087E-02
1.52270389E+00 7.73730353E-02
1.53089046E+00 7.89369419E-02
1.53907704E+00 8.05203319E-02
1.54726362E+00 8.21231455E-02
1.55545020E+00 8.37454051E-02
1.56363678E+00 8.53871629E-02
1.57182336E+00 8.70485082E-02
1.58000994E+00 8.87294859E-02
1.58819652E+00 9.04301777E-02
1.59638309E+00 9.21506435E-02
1.60456967E+00 9.38909501E-02
1.61275625E+00 9.56511647E-02
1.62094283E+00 9.74313915E-02
1.62912941E+00 9.92317647E-02
1.63731599E+00 1.01052441E-01
1.64550257E+00 1.02893539E-01
1.65368915E+00 1.04755215E-01
1.66187572E+00 1.06637605E-01
1.67006230E+00 1.08540848E-01
1.67824888E+00 1.10465087E-01
1.68643546E+00 1.12410456E-01
1.69462204E+00 1.14377059E-01
1.70280862E+00 1.16365023E-01
1.71099520E+00 1.18374452E-01
1.71918178E+00 1.20405465E-01
1.72736835E+00 1.22458167E-01
1.73555493E+00 1.24532685E-01
1.74374151E+00 1.26629114E-01
1.75192809E+00 1.28747523E-01
1.76011467E+00 1.30887657E-01
1.76830125E+00 1.33049220E-01
1.77648783E+00 1.35231882E-01
1.78467441E+00 1.37435332E-01
1.79286098E+00 1.39659226E-01
1.80104756E+00 1.41903281E-01
1.80923414E+00 1.44167155E-01
1.81742072E+00 1.46450579E-01
1.82560730E+00 1.48753852E-01
1.83379388E+00 1.51077524E-01
1.84198046E+00 1.53422177E-01
1.85016704E+00 1.55788362E-01
1.85835361E+00 1.58176661E-01
1.86654019E+00 1.60587639E-01
1.87472677E+00 1.63021863E-01
1.88291335E+00 1.65479869E-01
1.89109993E+00 1.67961583E-01
1.89928651E+00 1.70466408E-01
1.90747309E+00 1.72993690E-01
1.91565967E+00 1.75542802E-01
1.92384624E+00 1.78113118E-01
1.93203282E+00 1.80703998E-01
1.94021940E+00 1.83314815E-01
1.94840598E+00 1.85944945E-01
1.95659256E+00 1.88594222E-01
1.96477914E+00 1.91263020E-01
1.97296572E+00 1.93951771E-01
1.98115230E+00 1.96660846E-01
1.98933887E+00 1.99390709E-01
1.99752545E+00 2.02141732E-01
2.00571203E+00 2.04914346E-01
2.01389861E+00 2.07708955E-01
2.02208519E+00 2.10525796E-01
2.03027177E+00 2.13364854E-01
2.03845835E+00 2.16226101E-01
2.04664493E+00 2.19109491E-01
2.05483150E+00 2.22014993E-01
2.06301808E+00 2.24942550E-01
2.07120466E+00 2.27892131E-01
2.07939124E+00 2.30863720E-01
2.08757782E+00 2.33857155E-01
2.09576440E+00 2.36871824E-01
2.10395098E+00 2.39906952E-01
2.11213756E+00 2.42961794E-01
2.12032413E+00 2.46035561E-01
2.12851071E+00 2.49127477E-01
2.13669729E+00 2.52236784E-01
2.14488387E+00 2.55362749E-01
2.15307045E+00 2.58504778E-01
2.16125703E+00 2.61662871E-01
2.16944361E+00 2.64836967E-01
2.17763019E+00 2.68027067E-01
2.18581676E+00 2.71233112E-01
2.19400334E+00 2.74455070E-01
2.20218992E+00 2.77692944E-01
2.21037650E+00 2.80946702E-01
2.21856308E+00 2.84216255E-01
2.22674966E+00 2.87501276E-01
2.23493624E+00 2.90801376E-01
2.24312282E+00 2.94116139E-01
2.25130939E+00 2.97445238E-01
2.25949597E+00 3.00788254E-01
2.26768255E+00 3.04144800E-01
2.27586913E+00 3.07514459E-01
2.28405571E+00 3.10896784E-01
2.29224229E+00 3.14291000E-01
2.30042887E+00 3.17696393E-01
2.30861545E+00 3.21112305E-01
2.31680202E+00 3.24537963E-01
2.32498860E+00 3.27972680E-01
2.33317518E+00 3.31415743E-01
2.34136176E+00 3.34866405E-01
2.34954834E+00 3.38323981E-01
2.35773492E+00 3.41787696E-01
2.36592150E+00 3.45256895E-01
2.37410808E+00 3.48730773E-01
2.38229465E+00 3.52208644E-01
2.39048123E+00 3.55689764E-01
2.39866781E+00 3.59173417E-01
2.40685439E+00 3.62658888E-01
2.41504097E+00 3.66145730E-01
2.42322755E+00 3.69633704E-01
2.43141413E+00 3.73122573E-01
2.43960071E+00 3.76612127E-01
2.44778728E+00 3.80102128E-01
2.45597386E+00 3.83592337E-01
2.46416044E+00 3.87082547E-01
2.47234702E+00 3.90572369E-01
2.48053360E+00 3.94060791E-01
2.48872018E+00 3.97546619E-01
2.49690676E+00 4.01028723E-01
2.50509334E+00 4.04505879E-01
2.51327991E+00 4.07976925E-01
2.52146649E+00 4.11440700E-01
2.52965307E+00 4.14896041E-01
2.53783965E+00 4.18341815E-01
2.54602623E+00 4.21777785E-01
2.55421281E+00 4.25203890E-01
2.56239939E+00 4.28620189E-01
2.57058597E+00 4.32026654E-01
2.57877254E+00 4.35423315E-01
2.58695912E+00 4.38810170E-01
2.59514570E+00 4.42187250E-01
2.60333228E+00 4.45554286E-01
2.61151886E+00 4.48910445E-01
2.61970544E+00 4.52254742E-01
2.62789202E+00 4.55586195E-01
2.63607860E+00 4.58903879E-01
2.64426517E+00 4.62206811E-01
2.65245175E+00 4.65493977E-01
2.66063833E+00 4.68764484E-01
2.66882491E+00 4.72017527E-01
2.67701149E+00 4.75252688E-01
2.68519807E+00 4.78469461E-01
2.69338465E+00 4.81667399E-01
2.70157123E+00 4.84846026E-01
2.70975780E+00 4.88004893E-01
2.71794438E+00 4.91143495E-01
2.72613096E+00 4.94261384E-01
2.73431754E+00 4.97358143E-01
2.74250412E+00 5.00433505E-01
2.75069070E+00 5.03487229E-01
2.75887728E+00 5.06518960E-01
2.76706386E+00 5.09528518E-01
2.77525043E+00 5.12515604E-01
2.78343725E+00 5.15479922E-01
2.79162383E+00 5.18421233E-01
2.79981041E+00 5.21339118E-01
2.80799699E+00 5.24232805E-01
2.81618357E+00 5.27101636E-01
2.82437015E+00 5.29944897E-01
2.83255672E+00 5.32761931E-01
2.84074330E+00 5.35552025E-01
2.84892988E+00 5.38314462E-01
2.85711646E+00 5.41048527E-01
2.86530304E+00 5.43753684E-01
2.87348962E+00 5.46429694E-01
2.88167620E+00 5.49076498E-01
2.88986278E+00 5.51693916E-01
2.89804935E+00 5.54281831E-01
2.90623593E+00 5.56840181E-01
2.91442251E+00 5.59368789E-01
2.92260909E+00 5.61867535E-01
2.93079567E+00 5.64336360E-01
2.93898225E+00 5.66775203E-01
2.94716883E+00 5.69184065E-01
2.95535541E+00 5.71563005E-01
2.96354198E+00 5.73912024E-01
2.97172856E+00 5.76231122E-01
2.97991514E+00 5.78520298E-01
2.98810172E+00 5.80779552E-01
2.99628830E+00 5.83008766E-01
3.00447488E+00 5.85207582E-01
3.01266146E+00 5.87375581E-01
3.02084804E+00 5.89512527E-01
3.02903461E+00 5.91617823E-01
3.03722119E+00 5.93691289E-01
3.04540777E+00 5.95732391E-01
3.05359435E+00 5.97740769E-01
3.06178093E+00 5.99716127E-01
3.06996751E+00 6.01658404E-01
3.07815409E+00 6.03567779E-01
3.08634067E+00 6.05444491E-01
3.09452724E+00 6.07288659E-01
3.10271382E+00 6.09100461E-01
3.11090040E+00 6.10880077E-01
3.11908698E+00 6.12627745E-01
3.12727356E+00 6.14343584E-01
3.13546014E+00 6.16027832E-01
3.14364672E+00 6.17680490E-01
3.15183330E+00 6.19301796E-01
3.16001987E+00 6.20891869E-01
3.16820645E+00 6.22450888E-01
3.17639303E+00 6.23978913E-01
3.18457961E+00 6.25476122E-01
3.19276619E+00 6.26942635E-01
3.20095277E+00 6.28378689E-01
3.20913935E+00 6.29784286E-01
3.21732593E+00 6.31159663E-01
3.22551250E+00 6.32505000E-01
3.23369908E+00 6.33820355E-01
3.24188566E+00 6.35105968E-01
3.25007224E+00 6.36361897E-01
3.25825882E+00 6.37588382E-01
3.26644540E+00 6.38785541E-01
3.27463198E+00 6.39953673E-01
3.28281856E+00 6.41093016E-01
3.29100513E+00 6.42203927E-01
3.29919171E+00 6.43286765E-01
3.30737829E+00 6.44341826E-01
3.31556487E+00 6.45369351E-01
3.32375145E+00 6.46369696E-01
3.33193803E+00 6.47343218E-01
3.34012461E+00 6.48290157E-01
3.34831119E+00 6.49210811E-01
3.35649776E+00 6.50105476E-01
3.36468434E+00 6.50974452E-01
3.37287092E+00 6.51817977E-01
3.38105750E+00 6.52636290E-01
3.38924408E+00 6.53429806E-01
3.39743066E+00 6.54198647E-01
3.40561724E+00 6.54943228E-01
3.41380382E+00 6.55663610E-01
3.42199039E+00 6.56359911E-01
3.43017697E+00 6.57032192E-01
3.43836355E+00 6.57680571E-01
3.44655013E+00 6.58305168E-01
3.45473671E+00 6.58905983E-01
3.46292329E+00 6.59483194E-01
3.47110987E+00 6.60036862E-01
3.47929645E+00 6.60567045E-01
3.48748302E+00 6.61073983E-01
3.49566960E+00 6.61557734E-01
3.50385618E+00 6.62018597E-01
3.51204276E+00 6.62456632E-01
3.52022934E+00 6.62872016E-01
3.52841592E+00 6.63264930E-01
3.53660250E+00 6.63635612E-01
3.54478908E+00 6.63984120E-01
3.55297565E+00 6.64310634E-01
3.56116223E+00 6.64615393E-01
3.56934881E+00 6.64898515E-01
3.57753539E+00 6.65160120E-01
3.58572197E+00 6.65400386E-01
3.59390855E+00 6.65619552E-01
3.60209513E+00 6.65817678E-01
3.61028171E+00 6.65995002E-01
3.61846828E+00 6.66151583E-01
3.62665486E+00 6.66287720E-01
3.63484144E+00 6.66403353E-01
3.64302802E+00 6.66498661E-01
3.65121460E+00 6.66573763E-01
3.65940118E+00 6.66628718E-01
3.66758776E+00 6.66663647E-01
3.67577434E+00 6.66678667E-01
3.68396091E+00 6.66673839E-01
3.69214749E+00 6.66649342E-01
3.70033407E+00 6.66605294E-01
3.70852065E+00 6.66541696E-01
3.71670723E+00 6.66458786E-01
3.72489381E+00 6.66356683E-01
3.73308039E+00 6.66235507E-01
3.74126697E+00 6.66095316E-01
3.74945354E+00 6.65936291E-01
3.75764012E+00 6.65758550E-01
3.76582670E+00 6.65562272E-01
3.77401328E+00 6.65347457E-01
3.78219986E+00 6.65114284E-01
3.79038644E+00 6.64862752E-01
3.79857302E+00 6.64593101E-01
3.80675960E+00 6.64305329E-01
3.81494617E+00 6.63999498E-01
3.82313275E+00 6.63675845E-01
3.83131933E+00 6.63334310E-01
3.83950591E+00 6.62975073E-01
3.84769249E+00 6.62598193E-01
3.85587907E+00 6.62203670E-01
3.86406565E+00 6.61791623E-01
3.87225223E+00 6.61361992E-01
3.88043880E+00 6.60914838E-01
3.88862538E+00 6.60450339E-01
3.89681196E+00 6.59968376E-01
3.90499854E+00 6.59469068E-01
3.91318512E+00 6.58952534E-01
3.92137170E+00 6.58418953E-01
3.92955828E+00 6.57868624E-01
3.93774486E+00 6.57301664E-01
3.94593143E+00 6.56718373E-01
3.95411801E+00 6.56118929E-01
3.96230459E+00 6.55503571E-01
3.97049117E+00 6.54872596E-01
3.97867775E+00 6.54226124E-01
3.98686433E+00 6.53564274E-01
3.99505091E+00 6.52886927E-01
4.00323772E+00 6.52193964E-01
4.01142406E+00 6.51485324E-01
4.01961088E+00 6.50760889E-01
4.02779722E+00 6.50020540E-01
4.03598404E+00 6.49264157E-01
4.04417038E+00 6.48491681E-01
4.05235720E+00 6.47702932E-01
4.06054354E+00 6.46898150E-01
4.06873035E+00 6.46077454E-01
4.07691669E+00 6.45241082E-01
4.08510351E+00 6.44389272E-01
4.09328985E+00 6.43522203E-01
4.10147667E+00 6.42640114E-01
4.10966301E+00 6.41743243E-01
4.11784983E+00 6.40831769E-01
4.12603617E+00 6.39905930E-01
4.13422298E+00 6.38965786E-01
4.14240932E+00 6.38011396E-01
4.15059614E+00 6.37042880E-01
4.15878248E+00 6.36060238E-01
4.16696930E+00 6.35063648E-01
4.17515564E+00 6.34053051E-01
4.18334246E+00 6.33028567E-01
4.19152880E+00 6.31990314E-01
4.19971561E+00 6.30938292E-01
4.20790195E+00 6.29872561E-01
4.21608877E+00 6.28793061E-01
4.22427511E+00 6.27699852E-01
4.23246193E+00 6.26592994E-01
4.24064827E+00 6.25472367E-01
4.24883509E+00 6.24338090E-01
4.25702143E+00 6.23190165E-01
4.26520824E+00 6.22028649E-01
4.27339458E+00 6.20853424E-01
4.28158140E+00 6.19664788E-01
4.28976774E+00 6.18462622E-01
4.29795456E+00 6.17247164E-01
4.30614090E+00 6.16018474E-01
4.31432772E+00 6.14776552E-01
4.32251406E+00 6.13521576E-01
4.33070087E+00 6.12253547E-01
4.33888721E+00 6.10972583E-01
4.34707403E+00 6.09678805E-01
4.35526037E+00 6.08372211E-01
4.36344719E+00 6.07052922E-01
4.37163353E+00 6.05720937E-01
4.37982035E+00 6.04376435E-01
4.38800669E+00 6.03019357E-01
4.39619350E+00 6.01649821E-01
4.40437984E+00 6.00267887E-01
4.41256666E+00 5.98873675E-01
4.42075300E+00 5.97467124E-01
4.42893982E+00 5.96048355E-01
4.43712616E+00 5.94617307E-01
4.44531298E+00 5.93174100E-01
4.45349932E+00 5.91718793E-01
4.46168613E+00 5.90251327E-01
4.46987247E+00 5.88771820E-01
4.47805929E+00 5.87280214E-01
4.48624563E+00 5.85776746E-01
4.49443245E+00 5.84261477E-01
4.50261879E+00 5.82734764E-01
4.51080561E+00 5.81196725E-01
4.51899195E+00 5.79647541E-01
4.52717876E+00 5.78087449E-01
4.53536510E+00 5.76516628E-01
4.54355192E+00 5.74935377E-01
4.55173826E+00 5.73343754E-01
4.55992508E+00 5.71741879E-01
4.56811142E+00 5.70129633E-01
4.57629824E+00 5.68507016E-01
4.58448458E+00 5.66873908E-01
4.59267139E+00 5.65230429E-01
4.60085773E+00 5.63576341E-01
4.60904455E+00 5.61911762E-01
4.61723089E+00 5.60236514E-01
4.62541771E+00 5.58550715E-01
4.63360405E+00 5.56854248E-01
4.64179087E+00 5.55147171E-01
4.64997721E+00 5.53429484E-01
4.65816402E+00 5.51701248E-01
4.66635036E+00 5.49962401E-01
4.67453718E+00 5.48213065E-01
4.68272352E+00 5.46453178E-01
4.69091034E+00 5.44682741E-01
4.69909668E+00 5.42902052E-01
4.70728350E+00 5.41111350E-01
4.71546984E+00 5.39311051E-01
4.72365665E+00 5.37501454E-01
4.73184299E+00 5.35682976E-01
4.74002981E+00 5.33855855E-01
4.74821615E+00 5.32020509E-01
4.75640297E+00 5.30177236E-01
4.76458931E+00 5.28326392E-01
4.77277613E+00 5.26467919E-01
4.78096247E+00 5.24601519E-01
4.78914928E+00 5.22727072E-01
4.79733562E+00 5.20844162E-01
4.80552244E+00 5.18952668E-01
4.81370878E+00 5.17052233E-01
4.82189560E+00 5.15142620E-01
4.83008194E+00 5.13223648E-01
4.83826876E+00 5.11295259E-01
4.84645510E+00 5.09357929E-01
4.85464191E+00 5.07412076E-01
4.86282825E+00 5.05458236E-01
4.87101507E+00 5.03496766E-01
4.87920141E+00 5.01528263E-01
4.88738823E+00 4.99553084E-01
4.89557457E+00 4.97571766E-01
4.90376139E+00 4.95584756E-01
4.91194773E+00 4.93592381E-01
4.92013454E+00 4.91594642E-01
4.92832088E+00 4.89591330E-01
4.93650770E+00 4.87582296E-01
4.94469404E+00 4.85567361E-01
4.95288086E+00 4.83546376E-01
4.96106720E+00 4.81519133E-01
4.96925402E+00 4.79485482E-01
4.97744036E+00 4.77445275E-01
4.98562717E+00 4.75398540E-01
4.99381351E+00 4.73345399E-01
5.00200033E+00 4.71285999E-01
5.01018667E+00 4.69220430E-01
5.01837349E+00 4.67148900E-01
5.02655983E+00 4.65071499E-01
5.03474665E+00 4.62988377E-01
5.04293299E+00 4.60899651E-01
5.05111980E+00 4.58805531E-01
5.05930614E+00 4.56706315E-01
5.06749296E+00 4.54602301E-01
5.07567930E+00 4.52493817E-01
5.08386612E+00 4.50381130E-01
5.09205246E+00 4.48264569E-01
5.10023928E+00 4.46144402E-01
5.10842562E+00 4.44020987E-01
5.11661243E+00 4.41894472E-01
5.12479877E+00 4.39764857E-01
5.13298559E+00 4.37632024E-01
5.14117193E+00 4.35495853E-01
5.14935875E+00 4.33356196E-01
5.15754509E+00 4.31212991E-01
5.16573191E+00 4.29066092E-01
5.17391825E+00 4.26915407E-01
5.18210506E+00 4.24760848E-01
5.19029140E+00 4.22602594E-01
5.19847822E+00 4.20440912E-01
5.20666456E+00 4.18276191E-01
5.21485138E+00 4.16108727E-01
5.22303772E+00 4.13938820E-01
5.23122454E+00 4.11766827E-01
5.23941088E+00 4.09593046E-01
5.24759769E+00 4.07417774E-01
5.25578403E+00 4.05241370E-01
5.26397085E+00 4.03063923E-01
5.27215719E+00 4.00885284E-01
5.28034401E+00 3.98705363E-01
5.28853035E+00 3.96524012E-01
5.29671717E+00 3.94341171E-01
5.30490351E+00 3.92156661E-01
5.31309032E+00 3.89970392E-01
5.32127666E+00 3.87782276E-01
5.32946348E+00 3.85592222E-01
5.33764982E+00 3.83400351E-01
5.34583664E+00 3.81206810E-01
5.35402298E+00 3.79011720E-01
5.36220980E+00 3.76815230E-01
5.37039614E+00 3.74617457E-01
5.37858295E+00 3.72418523E-01
5.38676929E+00 3.70218575E-01
5.39495611E+00 3.68017733E-01
5.40314245E+00 3.65816265E-01
5.41132927E+00 3.63614321E-01
5.41951561E+00 3.61412227E-01
5.42770243E+00 3.59210163E-01
5.43588877E+00 3.57008368E-01
5.44407558E+00 3.54807079E-01
5.45226192E+00 3.52606535E-01
5.46044874E+00 3.50407004E-01
5.46863508E+00 3.48208576E-01
5.47682190E+00 3.46011341E-01
5.48500824E+00 3.43815416E-01
5.49319506E+00 3.41620803E-01
5.50138140E+00 3.39427620E-01
5.50956821E+00 3.37235898E-01
5.51775455E+00 3.35045755E-01
5.52594137E+00 3.32857221E-01
5.53412771E+00 3.30670387E-01
5.54231453E+00 3.28485310E-01
5.55050087E+00 3.26302022E-01
5.55868769E+00 3.24120581E-01
5.56687450E+00 3.21941048E-01
5.57506084E+00 3.19763511E-01
5.58324766E+00 3.17587972E-01
5.59143400E+00 3.15414518E-01
5.59962082E+00 3.13243181E-01
5.60780716E+00 3.11073899E-01
5.61599398E+00 3.08906585E-01
5.62418032E+00 3.06741118E-01
5.63236713E+00 3.04577410E-01
5.64055347E+00 3.02415341E-01
5.64874029E+00 3.00254792E-01
5.65692663E+00 2.98095673E-01
5.66511345E+00 2.95937866E-01
5.67329979E+00 2.93781310E-01
5.68148661E+00 2.91626364E-01
5.68967295E+00 2.89473593E-01
5.69785976E+00 2.87323594E-01
5.70604610E+00 2.85176933E-01
5.71423292E+00 2.83034205E-01
5.72241926E+00 2.80895978E-01
5.73060608E+00 2.78762877E-01
5.73879242E+00 2.76635408E-01
5.74697924E+00 2.74513870E-01
5.75516558E+00 2.72397846E-01
5.76335239E+00 2.70286977E-01
5.77153873E+00 2.68180847E-01
5.77972555E+00 2.66079098E-01
5.78791189E+00 2.63981283E-01
5.79609871E+00 2.61887074E-01
5.80428505E+00 2.59796023E-01
5.81247187E+00 2.57707864E-01
5.82065821E+00 2.55622834E-01
5.82884502E+00 2.53541350E-01
5.83703136E+00 2.51463771E-01
5.84521818E+00 2.49390557E-01
5.85340452E+00 2.47322068E-01
5.86159134E+00 2.45258704E-01
5.86977768E+00 2.43200883E-01
5.87796450E+00 2.41148993E-01
5.88615084E+00 2.39103109E-01
5.89433765E+00 2.37063065E-01
5.90252399E+00 2.35028625E-01
5.91071081E+00 2.32999608E-01
5.91889715E+00 2.30975807E-01
5.92708397E+00 2.28957012E-01
5.93527031E+00 2.26943031E-01
5.94345713E+00 2.24933654E-01
5.95164347E+00 2.22928792E-01
5.95983028E+00 2.20928699E-01
5.96801662E+00 2.18933672E-01
5.97620344E+00 2.16944054E-01
5.98438978E+00 2.14960143E-01
5.99257660E+00 2.12982267E-01
6.00076294E+00 2.11010724E-01
6.00894976E+00 2.09045842E-01
6.01713610E+00 2.07087934E-01
6.02532291E+00 2.05137134E-01
6.03350925E+00 2.03193471E-01
6.04169607E+00 2.01256961E-01
6.04988241E+00 1.99327663E-01
6.05806923E+00 1.97405592E-01
6.06625557E+00 1.95490763E-01
6.07444239E+00 1.93583220E-01
6.08262873E+00 1.91682994E-01
6.09081554E+00 1.89790115E-01
6.09900188E+00 1.87904507E-01
6.10718870E+00 1.86026037E-01
6.11537504E+00 1.84154615E-01
6.12356186E+00 1.82290077E-01
6.13174820E+00 1.80432320E-01
6.13993502E+00 1.78581193E-01
6.14812136E+00 1.76736593E-01
6.15630817E+00 1.74898386E-01
6.16449451E+00 1.73066527E-01
6.17268133E+00 1.71241283E-01
6.18086767E+00 1.69422954E-01
6.18905449E+00 1.67611837E-01
6.19724083E+00 1.65808216E-01
6.20542765E+00 1.64012402E-01
6.21361399E+00 1.62224710E-01
6.22180080E+00 1.60445422E-01
6.22998714E+00 1.58674806E-01
6.23817396E+00 1.56912878E-01
6.24636030E+00 1.55159399E-01
6.25454712E+00 1.53414175E-01
6.26273346E+00 1.51676953E-01
6.27092028E+00 1.49947509E-01
6.27910662E+00 1.48225650E-01
6.28729343E+00 1.46511137E-01
6.29547977E+00 1.44803748E-01
6.30366659E+00 1.43103421E-01
6.31185293E+00 1.41410500E-01
6.32003975E+00 1.39725462E-01
6.32822609E+00 1.38048708E-01
6.33641291E+00 1.36380702E-01
6.34459925E+00 1.34721875E-01
6.35278606E+00 1.33072689E-01
6.36097240E+00 1.31433561E-01
6.36915922E+00 1.29804909E-01
6.37734556E+00 1.28186688E-01
6.38553238E+00 1.26578465E-01
6.39371872E+00 1.24979831E-01
6.40190554E+00 1.23390354E-01
6.41009188E+00 1.21809617E-01
6.41827869E+00 1.20237201E-01
6.42646503E+00 1.18672684E-01
6.43465185E+00 1.17115639E-01
6.44283819E+00 1.15565814E-01
6.45102501E+00 1.14023566E-01
6.45921135E+00 1.12489358E-01
6.46739817E+00 1.10963672E-01
6.47558451E+00 1.09446988E-01
6.48377132E+00 1.07939787E-01
6.49195766E+00 1.06442533E-01
6.50014448E+00 1.04955710E-01
6.50833082E+00 1.03479803E-01
6.51651764E+00 1.02015145E-01
6.52470398E+00 1.00561552E-01
6.53289080E+00 9.91187021E-02
6.54107714E+00 9.76862609E-02
6.54926395E+00 9.62639153E-02
6.55745029E+00 9.48513225E-02
6.56563711E+00 9.34481695E-02
6.57382345E+00 9.20541286E-02
6.58201027E+00 9.06688720E-02
6.59019661E+00 8.92923325E-02
6.59838343E+00 8.79247487E-02
6.60656977E+00 8.65663812E-02
6.61475658E+00 8.52174833E-02
6.62294292E+00 8.38783234E-02
6.63112974E+00 8.25491622E-02
6.63931608E+00 8.12302604E-02
6.64750290E+00 7.99218714E-02
6.65568924E+00 7.86242187E-02
6.66387606E+00 7.73372725E-02
6.67206240E+00 7.60608912E-02
6.68024921E+00 7.47949183E-02
6.68843555E+00 7.35392272E-02
6.69662237E+00 7.22936690E-02
6.70480871E+00 7.10581020E-02
6.71299553E+00 6.98323771E-02
6.72118187E+00 6.86163604E-02
6.72936869E+00 6.74099922E-02
6.73755503E+00 6.62134066E-02
6.74574184E+00 6.50267676E-02
6.75392818E+00 6.38502389E-02
6.76211500E+00 6.26839697E-02
6.77030134E+00 6.15281351E-02
6.77848816E+00 6.03828840E-02
6.78667450E+00 5.92483804E-02
6.79486132E+00 5.81247732E-02
6.80304766E+00 5.70121072E-02
6.81123447E+00 5.59103303E-02
6.81942081E+00 5.48193976E-02
6.82760763E+00 5.37392534E-02
6.83579397E+00 5.26698567E-02
6.84398079E+00 5.16111478E-02
6.85216713E+00 5.05630858E-02
6.86035395E+00 4.95256186E-02
6.86854029E+00 4.84987088E-02
6.87672710E+00 4.74823751E-02
6.88491344E+00 4.64766510E-02
6.89310026E+00 4.54815738E-02
6.90128660E+00 4.44971733E-02
6.90947342E+00 4.35234867E-02
6.91765976E+00 4.25605476E-02
6.92584658E+00 4.16083895E-02
6.93403292E+00 4.06670459E-02
6.94221973E+00 3.97365503E-02
6.95040607E+00 3.88169475E-02
6.95859289E+00 3.79082672E-02
6.96677923E+00 3.70105542E-02
6.97496605E+00 3.61238457E-02
6.98315239E+00 3.52481827E-02
6.99133921E+00 3.43836062E-02
6.99952555E+00 3.35301496E-02
7.00771236E+00 3.26878577E-02
7.01589870E+00 3.18567343E-02
7.02408552E+00 3.10367290E-02
7.03227186E+00 3.02277748E-02
7.04045868E+00 2.94298064E-02
7.04864502E+00 2.86427606E-02
7.05683184E+00 2.78665740E-02
7.06501818E+00 2.71011814E-02
7.07320499E+00 2.63465177E-02
7.08139133E+00 2.56025232E-02
7.08957815E+00 2.48691775E-02
7.09776449E+00 2.41465028E-02
7.10595131E+00 2.34345272E-02
7.11413765E+00 2.27332730E-02
7.12232447E+00 2.20427625E-02
7.13051081E+00 2.13630255E-02
7.13869762E+00 2.06940826E-02
7.14688396E+00 2.00359579E-02
7.15507078E+00 1.93886794E-02
7.16325712E+00 1.87522843E-02
7.17144394E+00 1.81268100E-02
7.17963028E+00 1.75122973E-02
7.18781710E+00 1.69087872E-02
7.19600344E+00 1.63163189E-02
7.20419025E+00 1.57349333E-02
7.21237659E+00 1.51646705E-02
7.22056341E+00 1.46055697E-02
7.22874975E+00 1.40576484E-02
7.23693657E+00 1.35208629E-02
7.24512291E+00 1.29951602E-02
7.25330973E+00 1.24804899E-02
7.26149607E+00 1.19767999E-02
7.26968288E+00 1.14840372E-02
7.27786922E+00 1.10021504E-02
7.28605604E+00 1.05310865E-02
7.29424238E+00 1.00707943E-02
7.30242920E+00 9.62123182E-03
7.31061554E+00 9.18238983E-03
7.31880236E+00 8.75426736E-03
7.32698870E+00 8.33686534E-03
7.33517551E+00 7.93018099E-03
7.34336185E+00 7.53421476E-03
7.35154867E+00 7.14896573E-03
7.35973501E+00 6.77443296E-03
7.36792183E+00 6.41061645E-03
7.37610817E+00 6.05751155E-03
7.38429499E+00 5.71510941E-03
7.39248133E+00 5.38340071E-03
7.40066814E+00 5.06237522E-03
7.40885496E+00 4.75202408E-03
7.41704130E+00 4.45233751E-03
7.42522812E+00 4.16330574E-03
7.43341446E+00 3.88491992E-03
7.44160128E+00 3.61716794E-03
7.44978762E+00 3.36001534E-03
7.45797443E+00 3.11340997E-03
7.46616077E+00 2.87729898E-03
7.47434759E+00 2.65162974E-03
7.48253393E+00 2.43634963E-03
7.49072075E+00 2.23140628E-03
7.49890709E+00 2.03674682E-03
7.50709391E+00 1.85231853E-03
7.51528025E+00 1.67809415E-03
7.52346706E+00 1.51417824E-03
7.53165340E+00 1.36071804E-03
7.53984022E+00 1.21786131E-03
7.54802656E+00 1.08575542E-03
7.55621338E+00 9.64547915E-04
7.56439972E+00 8.54386191E-04
7.57258654E+00 7.55417743E-04
7.58077288E+00 6.67789194E-04
7.58895969E+00 5.91402757E-04
7.59714603E+00 5.25581534E-04
7.60533285E+00 4.69564984E-04
7.61351919E+00 4.22592420E-04
7.62170601E+00 3.83903272E-04
7.62989235E+00 3.52736941E-04
7.63807917E+00 3.28332797E-04
7.64626551E+00 3.09930241E-04
7.65445232E+00 2.96770158E-04
7.66263866E+00 2.88137875E-04
7.67082548E+00 2.83369824E-04
7.67901182E+00 2.81805289E-04
7.68719864E+00 2.82783556E-04
7.69538498E+00 2.85643910E-04
7.70357180E+00 2.89725605E-04
7.71175814E+00 2.94367928E-04
7.71994495E+00 2.98910163E-04
7.72813129E+00 3.02692613E-04
7.73631811E+00 3.05289665E-04
7.74450445E+00 3.06805916E-04
7.75269127E+00 3.07419017E-04
7.76087761E+00 3.07306560E-04
7.76906443E+00 3.06646107E-04
7.77725077E+00 3.05615278E-04
7.78543758E+00 3.04391695E-04
7.79362392E+00 3.03152920E-04
7.80181074E+00 3.02076602E-04
7.80999708E+00 3.01306340E-04
7.81818390E+00 3.00836109E-04
7.82637024E+00 3.00618587E-04
7.83455706E+00 3.00606509E-04
7.84274340E+00 3.00752552E-04
7.85093021E+00 3.01009393E-04
7.85911655E+00 3.01329739E-04
7.86730337E+00 3.01666296E-04
7.87548971E+00 3.01971770E-04
7.88367653E+00 3.02202447E-04
7.89186287E+00 3.02350294E-04
7.90004969E+00 3.02427274E-04
7.90823603E+00 3.02445696E-04
7.91642284E+00 3.02417757E-04
7.92460918E+00 3.02355766E-04
7.93279600E+00 3.02271917E-04
7.94098234E+00 3.02178523E-04
7.94916916E+00 3.02087778E-04
7.95735550E+00 3.02011700E-04
7.96554232E+00 3.01955733E-04
7.97372866E+00 3.01918713E-04
7.98191547E+00 3.01899010E-04
7.99010181E+00 3.01895168E-04
7.99828863E+00 3.01905588E-04
8.00647545E+00 3.01928754E-04
8.01466179E+00 3.01963126E-04
8.02284813E+00 3.02007189E-04
8.03103447E+00 3.02059343E-04
8.03922176E+00 3.02116707E-04
8.04740810E+00 3.02173547E-04
8.05559444E+00 3.02223809E-04
8.06378078E+00 3.02261440E-04
8.07196808E+00 3.02280416E-04
8.08015442E+00 3.02274653E-04
8.08834076E+00 3.02238099E-04
8.09652710E+00 3.02164728E-04
8.10471439E+00 3.02048487E-04
8.11290073E+00 3.01885942E-04
8.12108707E+00 3.01684689E-04
8.12927341E+00 3.01455148E-04
8.13746071E+00 3.01207794E-04
8.14564705E+00 3.00953106E-04
8.15383339E+00 3.00701504E-04
8.16201973E+00 3.00463464E-04
8.17020702E+00 3.00249434E-04
8.17839336E+00 3.00069863E-04
8.18657970E+00 2.99934094E-04
8.19476604E+00 2.99841951E-04
8.20295334E+00 2.99788371E-04
8.21113968E+00 2.99768377E-04
8.21932602E+00 2.99776904E-04
8.22751236E+00 2.99808918E-04
8.23569965E+00 2.99859355E-04
8.24388599E+00 2.99923238E-04
8.25207233E+00 2.99995474E-04
8.26025867E+00 3.00071028E-04
8.26844597E+00 3.00144602E-04
8.27663231E+00 3.00210610E-04
8.28481865E+00 3.00263462E-04
8.29300499E+00 3.00297572E-04
8.30119228E+00 3.00307380E-04
8.30937862E+00 3.00287240E-04
8.31756496E+00 3.00231652E-04
8.32575130E+00 3.00134940E-04
8.33393860E+00 2.99991632E-04
8.34212494E+00 2.99801788E-04
8.35031128E+00 2.99576292E-04
8.35849762E+00 2.99327221E-04
8.36668491E+00 2.99066713E-04
8.37487125E+00 2.98806874E-04
8.38305759E+00 2.98559811E-04
8.39124393E+00 2.98337574E-04
8.39943123E+00 2.98152328E-04
8.40761757E+00 2.98016181E-04
8.41580391E+00 2.97936815E-04
8.42399025E+00 2.97905906E-04
8.43217754E+00 2.97911378E-04
8.44036388E+00 2.97941180E-04
8.44855022E+00 2.97983177E-04
8.45673656E+00 2.98025348E-04
8.46492386E+00 2.98055587E-04
8.47311020E+00 2.98061816E-04
8.48129654E+00 2.98031984E-04
8.48948288E+00 2.97955383E-04
8.49767017E+00 2.97832303E-04
8.50585651E+00 2.97668274E-04
8.51404285E+00 2.97468912E-04
8.52222919E+00 2.97239836E-04
8.53041649E+00 2.96986662E-04
8.53860283E+00 2.96714919E-04
8.54678917E+00 2.96430284E-04
8.55497551E+00 2.96138343E-04
8.56316280E+00 2.95844657E-04
8.57134914E+00 2.95554550E-04
8.57953548E+00 2.95273145E-04
8.58772182E+00 2.95005506E-04
8.59590912E+00 2.94756726E-04
8.60409546E+00 2.94531870E-04
8.61228180E+00 2.94336030E-04
8.62046814E+00 2.94174330E-04
8.62865543E+00 2.94051802E-04
8.63684177E+00 2.93973484E-04
8.64502811E+00 2.93938938E-04
8.65321445E+00 2.93938385E-04
8.66140175E+00 2.93961144E-04
8.66958809E+00 2.93996505E-04
8.67777443E+00 2.94033758E-04
8.68596077E+00 2.94062251E-04
8.69414806E+00 2.94071273E-04
8.70233440E+00 2.94050085E-04
8.71052074E+00 2.93988036E-04
8.71870708E+00 2.93877820E-04
8.72689438E+00 2.93723948E-04
8.73508072E+00 2.93533580E-04
8.74326706E+00 2.93313846E-04
8.75145340E+00 2.93071877E-04
8.75964069E+00 2.92814802E-04
8.76782703E+00 2.92549783E-04
8.77601337E+00 2.92283919E-04
8.78419971E+00 2.92024401E-04
8.79238701E+00 2.91777455E-04
8.80057335E+00 2.91543285E-04
8.80875969E+00 2.91319477E-04
8.81694603E+00 2.91103614E-04
8.82513332E+00 2.90893280E-04
8.83331966E+00 2.90686061E-04
8.84150600E+00 2.90479511E-04
8.84969234E+00 2.90271215E-04
8.85787964E+00 2.90058786E-04
8.86606598E+00 2.89839954E-04
8.87425232E+00 2.89614953E-04
8.88243866E+00 2.89386313E-04
8.89062595E+00 2.89156509E-04
8.89881229E+00 2.88928073E-04
8.90699863E+00 2.88703566E-04
8.91518497E+00 2.88485462E-04
8.92337227E+00 2.88276322E-04
8.93155861E+00 2.88078649E-04
8.93974495E+00 2.87894945E-04
8.94793129E+00 2.87723960E-04
8.95611858E+00 2.87558563E-04
8.96430492E+00 2.87390954E-04
8.97249126E+00 2.87213421E-04
8.98067760E+00 2.87018222E-04
8.98886490E+00 2.86797556E-04
8.99705124E+00 2.86543742E-04
9.00523758E+00 2.86248978E-04
9.01342392E+00 2.85905524E-04
9.02161121E+00 2.85510119E-04
9.02979755E+00 2.85073300E-04
9.03798389E+00 2.84608221E-04
9.04617023E+00 2.84128095E-04
9.05435753E+00 2.83646106E-04
9.06254387E+00 2.83175439E-04
9.07073021E+00 2.82729306E-04
9.07891655E+00 2.82320892E-04
9.08710384E+00 2.81963352E-04
9.09529018E+00 2.81667220E-04
9.10347652E+00 2.81425164E-04
9.11166286E+00 2.81222601E-04
9.11985016E+00 2.81044951E-04
9.12803650E+00 2.80877633E-04
9.13622284E+00 2.80706008E-04
9.14440918E+00 2.80515524E-04
9.15259647E+00 2.80291541E-04
9.16078281E+00 2.80019507E-04
9.16896915E+00 2.79685890E-04
9.17715549E+00 2.79292988E-04
9.18534279E+00 2.78855121E-04
9.19352913E+00 2.78386840E-04
9.20171547E+00 2.77902669E-04
9.20990181E+00 2.77417246E-04
9.21808910E+00 2.76945066E-04
9.22627544E+00 2.76500738E-04
9.23446178E+00 2.76098843E-04
9.24264812E+00 2.75753671E-04
9.25083542E+00 2.75468978E-04
9.25902176E+00 2.75232713E-04
9.26720810E+00 2.75031663E-04
9.27539539E+00 2.74852646E-04
9.28358173E+00 2.74682447E-04
9.29176807E+00 2.74507824E-04
9.29995441E+00 2.74315564E-04
9.30814171E+00 2.74092454E-04
9.31632805E+00 2.73825310E-04
9.32451439E+00 2.73505546E-04
9.33270073E+00 2.73138343E-04
9.34088802E+00 2.72731442E-04
9.34907436E+00 2.72292527E-04
9.35726070E+00 2.71829282E-04
9.36544704E+00 2.71349389E-04
9.37363434E+00 2.70860619E-04
9.38182068E+00 2.70370598E-04
9.39000702E+00 2.69887067E-04
9.39819336E+00 2.69416603E-04
9.40638065E+00 2.68959469E-04
9.41456699E+00 2.68513599E-04
9.42275333E+00 2.68076954E-04
9.43093967E+00 2.67647440E-04
9.43912697E+00 2.67223018E-04
9.44731331E+00 2.66801653E-04
9.45549965E+00 2.66381248E-04
9.46368599E+00 2.65959767E-04
9.47187328E+00 2.65535258E-04
9.48005962E+00 2.65107170E-04
9.48824596E+00 2.64675939E-04
9.49643230E+00 2.64242059E-04
9.50461960E+00 2.63805996E-04
9.51280594E+00 2.63368245E-04
9.52099228E+00 2.62929243E-04
9.52917862E+00 2.62489513E-04
9.53736591E+00 2.62049492E-04
9.54555225E+00 2.61609704E-04
9.55373859E+00 2.61170411E-04
9.56192493E+00 2.60731729E-04
9.57011223E+00 2.60293687E-04
9.57829857E+00 2.59856402E-04
9.58648491E+00 2.59419932E-04
9.59467125E+00 2.58984306E-04
9.60285854E+00 2.58549640E-04
9.61104488E+00 2.58115964E-04
9.61923122E+00 2.57683365E-04
9.62741756E+00 2.57251726E-04
9.63560486E+00 2.56820582E-04
9.64379120E+00 2.56389292E-04
9.65197754E+00 2.55957304E-04
9.66016388E+00 2.55524035E-04
9.66835117E+00 2.55088904E-04
9.67653751E+00 2.54651299E-04
9.68472385E+00 2.54210696E-04
9.69291019E+00 2.53766455E-04
9.70109749E+00 2.53318314E-04
9.70928383E+00 2.52867816E-04
9.71747017E+00 2.52417056E-04
9.72565651E+00 2.51968129E-04
9.73384380E+00 2.51523132E-04
9.74203014E+00 2.51084159E-04
9.75021648E+00 2.50653364E-04
9.75840282E+00 2.50232843E-04
9.76659012E+00 2.49824661E-04
9.77477646E+00 2.49430508E-04
9.78296280E+00 2.49046338E-04
9.79114914E+00 2.48664583E-04
9.79933643E+00 2.48277618E-04
9.80752277E+00 2.47877790E-04
9.81570911E+00 2.47457414E-04
9.82389545E+00 2.47008866E-04
9.83208275E+00 2.46524462E-04
9.84026909E+00 2.45996605E-04
9.84845543E+00 2.45417847E-04
9.85664177E+00 2.44789640E-04
9.86482906E+00 2.44124429E-04
9.87301540E+00 2.43435366E-04
9.88120174E+00 2.42735638E-04
9.88938808E+00 2.42038383E-04
9.89757538E+00 2.41356756E-04
9.90576172E+00 2.40703928E-04
9.91394806E+00 2.40093053E-04
9.92213440E+00 2.39537272E-04
9.93032169E+00 2.39042522E-04
9.93850803E+00 2.38596971E-04
9.94669437E+00 2.38186025E-04
9.95488071E+00 2.37795117E-04
9.96306801E+00 2.37409666E-04
9.97125435E+00 2.37015120E-04
9.97944069E+00 2.36596883E-04
9.98762703E+00 2.36140404E-04
9.99581432E+00 2.35631087E-04
1.00040007E+01 2.35058367E-04
1.00121870E+01 2.34430961E-04
1.00203733E+01 2.33763451E-04
1.00285606E+01 2.33070445E-04
1.00367470E+01 2.32366496E-04
1.00449333E+01 2.31666229E-04
1.00531197E+01 2.30984209E-04
1.00613070E+01 2.30335048E-04
1.00694933E+01 2.29733298E-04
1.00776796E+01 2.29192083E-04
1.00858660E+01 2.28708217E-04
1.00940533E+01 2.28268473E-04
1.01022396E+01 2.27859477E-04
1.01104259E+01 2.27467870E-04
1.01186123E+01 2.27080294E-04
1.01267996E+01 2.26683362E-04
1.01349859E+01 2.26263728E-04
1.01431723E+01 2.25808006E-04
1.01513586E+01 2.25303127E-04
1.01595459E+01 2.24745410E-04
1.01677322E+01 2.24142466E-04
1.01759186E+01 2.23502531E-04
1.01841049E+01 2.22833813E-04
1.01922922E+01 2.22144590E-04
1.02004786E+01 2.21443101E-04
1.02086649E+01 2.20737566E-04
1.02168512E+01 2.20036236E-04
1.02250385E+01 2.19347334E-04
1.02332249E+01 2.18675603E-04
1.02414112E+01 2.18018060E-04
1.02495975E+01 2.17370733E-04
1.02577848E+01 2.16729633E-04
1.02659712E+01 2.16090775E-04
1.02741575E+01 2.15450171E-04
1.02823439E+01 2.14803833E-04
1.02905312E+01 2.14147774E-04
1.02987175E+01 2.13478022E-04
1.03069038E+01 2.12792249E-04
1.03150902E+01 2.12095838E-04
1.03232775E+01 2.11396415E-04
1.03314638E+01 2.10701575E-04
1.03396502E+01 2.10018930E-04
1.03478365E+01 2.09356105E-04
1.03560238E+01 2.08720681E-04
1.03642101E+01 2.08120269E-04
1.03723965E+01 2.07562494E-04
1.03805828E+01 2.07053861E-04
1.03887701E+01 2.06589757E-04
1.03969564E+01 2.06158948E-04
1.04051428E+01 2.05750184E-04
1.04133291E+01 2.05352146E-04
1.04215164E+01 2.04953554E-04
1.04297028E+01 2.04543147E-04
1.04378891E+01 2.04109601E-04
1.04460754E+01 2.03641670E-04
1.04542627E+01 2.03128366E-04
1.04624491E+01 2.02567200E-04
1.04706354E+01 2.01964795E-04
1.04788218E+01 2.01328163E-04
1.04870090E+01 2.00664348E-04
1.04951954E+01 1.99980379E-04
1.05033817E+01 1.99283313E-04
1.05115681E+01 1.98580179E-04
1.05197554E+01 1.97878006E-04
1.05279417E+01 1.97183821E-04
1.05361280E+01 1.96502020E-04
1.05443144E+01 1.95831453E-04
1.05525017E+01 1.95170316E-04
1.05606880E+01 1.94516790E-04
1.05688744E+01 1.93869026E-04
1.05770607E+01 1.93225220E-04
1.05852480E+01 1.92583539E-04
1.05934343E+01 1.91942163E-04
1.06016207E+01 1.91299274E-04
1.06098070E+01 1.90653416E-04
1.06179943E+01 1.90004677E-04
1.06261806E+01 1.89353537E-04
1.06343670E+01 1.88700491E-04
1.06425533E+01 1.88046019E-04
1.06507406E+01 1.87390571E-04
1.06589270E+01 1.86734673E-04
1.06671133E+01 1.86078760E-04
1.06752996E+01 1.85423341E-04
1.06834869E+01 1.84768840E-04
1.06916733E+01 1.84115255E-04
1.06998596E+01 1.83462354E-04
1.07080460E+01 1.82809934E-04
1.07162333E+01 1.82157761E-04
1.07244196E+01 1.81505602E-04
1.07326059E+01 1.80853225E-04
1.07407923E+01 1.80200426E-04
1.07489796E+01 1.79546958E-04
1.07571659E+01 1.78892617E-04
1.07653522E+01 1.78237431E-04
1.07735386E+01 1.77581693E-04
1.07817259E+01 1.76925707E-04
1.07899122E+01 1.76269765E-04
1.07980986E+01 1.75614186E-04
1.08062849E+01 1.74959263E-04
1.08144722E+01 1.74305300E-04
1.08226585E+01 1.73652588E-04
1.08308449E+01 1.73001434E-04
1.08390312E+01 1.72351793E-04
1.08472185E+01 1.71703025E-04
1.08554049E+01 1.71054373E-04
1.08635912E+01 1.70405110E-04
1.08717775E+01 1.69754523E-04
1.08799648E+01 1.69101855E-04
1.08881512E+01 1.68446393E-04
1.08963375E+01 1.67787410E-04
1.09045238E+01 1.67124163E-04
1.09127111E+01 1.66456477E-04
1.09208975E+01 1.65786332E-04
1.09290838E+01 1.65116246E-04
1.09372702E+01 1.64448706E-04
1.09454575E+01 1.63786215E-04
1.09536438E+01 1.63131277E-04
1.09618301E+01 1.62486394E-04
1.09700165E+01 1.61854055E-04
1.09782038E+01 1.61236778E-04
1.09863901E+01 1.60636177E-04
1.09945765E+01 1.60046533E-04
1.10027628E+01 1.59458446E-04
1.10109501E+01 1.58862487E-04
1.10191364E+01 1.58249226E-04
1.10273228E+01 1.57609218E-04
1.10355091E+01 1.56933049E-04
1.10436964E+01 1.56211288E-04
1.10518827E+01 1.55434493E-04
1.10600691E+01 1.54594003E-04
1.10682554E+01 1.53695859E-04
1.10764427E+01 1.52759661E-04
1.10846291E+01 1.51805463E-04
1.10928154E+01 1.50853375E-04
1.11010017E+01 1.49923464E-04
1.11091890E+01 1.49035812E-04
1.11173754E+01 1.48210485E-04
1.11255617E+01 1.47467596E-04
1.11337490E+01 1.46827035E-04
1.11419353E+01 1.46293460E-04
1.11501217E+01 1.45844329E-04
1.11583080E+01 1.45454294E-04
1.11664953E+01 1.45097976E-04
1.11746817E+01 1.44750040E-04
1.11828680E+01 1.44385122E-04
1.11910543E+01 1.43977872E-04
1.11992416E+01 1.43502941E-04
1.12074280E+01 1.42934965E-04
1.12156143E+01 1.42257471E-04
1.12238007E+01 1.41484197E-04
1.12319880E+01 1.40635253E-04
1.12401743E+01 1.39730822E-04
1.12483606E+01 1.38791002E-04
1.12565470E+01 1.37835959E-04
1.12647343E+01 1.36885807E-04
1.12729206E+01 1.35960712E-04
1.12811069E+01 1.35080802E-04
1.12892933E+01 1.34263653E-04
1.12974806E+01 1.33508103E-04
1.13056669E+01 1.32804649E-04
1.13138533E+01 1.32143730E-04
1.13220396E+01 1.31515815E-04
1.13302269E+01 1.30911343E-04
1.13384132E+01 1.30320783E-04
1.13465996E+01 1.29734559E-04
1.13547859E+01 1.29143140E-04
1.13629732E+01 1.28537329E-04
1.13711596E+01 1.27914129E-04
1.13793459E+01 1.27276042E-04
1.13875322E+01 1.26625731E-04
1.13957195E+01 1.25965875E-04
1.14039059E+01 1.25299135E-04
1.14120922E+01 1.24628190E-04
1.14202785E+01 1.23955717E-04
1.14284658E+01 1.23284379E-04
1.14366522E+01 1.22616839E-04
1.14448385E+01 1.21954457E-04
1.14530249E+01 1.21296558E-04
1.14612122E+01 1.20642275E-04
1.14693985E+01 1.19990764E-04
1.14775848E+01 1.19341159E-04
1.14857712E+01 1.18692602E-04
1.14939585E+01 1.18044227E-04
1.15021448E+01 1.17395190E-04
1.15103312E+01 1.16744624E-04
1.15185175E+01 1.16091971E-04
1.15267048E+01 1.15437695E-04
1.15348911E+01 1.14782437E-04
1.15430775E+01 1.14126851E-04
1.15512638E+01 1.13471586E-04
1.15594511E+01 1.12817288E-04
1.15676374E+01 1.12164606E-04
1.15758238E+01 1.11514193E-04
1.15840101E+01 1.10866698E-04
1.15921974E+01 1.10222543E-04
1.16003838E+01 1.09580535E-04
1.16085701E+01 1.08938817E-04
1.16167564E+01 1.08295506E-04
1.16249437E+01 1.07648739E-04
1.16331301E+01 1.06996646E-04
1.16413164E+01 1.06337357E-04
1.16495028E+01 1.05669002E-04
1.16576900E+01 1.04989711E-04
1.16658764E+01 1.04297927E-04
1.16740627E+01 1.03596860E-04
1.16822491E+01 1.02893442E-04
1.16904364E+01 1.02194746E-04
1.16986227E+01 1.01507801E-04
1.17068090E+01 1.00839665E-04
1.17149954E+01 1.00197387E-04
1.17231827E+01 9.95880182E-05
1.17313690E+01 9.90186018E-05
1.17395554E+01 9.84960716E-05
1.17477417E+01 9.80204713E-05
1.17559290E+01 9.75813819E-05
1.17641153E+01 9.71675254E-05
1.17723017E+01 9.67676096E-05
1.17804880E+01 9.63703351E-05
1.17886753E+01 9.59644240E-05
1.17968616E+01 9.55385767E-05
1.18050480E+01 9.50815083E-05
1.18132343E+01 9.45819411E-05
1.18214216E+01 9.40329119E-05
1.18296080E+01 9.34398413E-05
1.18377943E+01 9.28103327E-05
1.18459806E+01 9.21520041E-05
1.18541679E+01 9.14724587E-05
1.18623543E+01 9.07793001E-05
1.18705406E+01 9.00801460E-05
1.18787270E+01 8.93826000E-05
1.18869143E+01 8.86942726E-05
1.18951006E+01 8.80215375E-05
1.19032869E+01 8.73632380E-05
1.19114733E+01 8.67154013E-05
1.19196606E+01 8.60740329E-05
1.19278469E+01 8.54351529E-05
1.19360332E+01 8.47947740E-05
1.19442196E+01 8.41489018E-05
1.19524069E+01 8.34935563E-05
1.19605932E+01 8.28247576E-05
1.19687796E+01 8.21389694E-05
1.19769659E+01 8.14393279E-05
1.19851532E+01 8.07339529E-05
1.19933395E+01 8.00310881E-05
1.20015259E+01 7.93389627E-05
1.20097122E+01 7.86658347E-05
1.20178995E+01 7.80199407E-05
1.20260859E+01 7.74095097E-05
1.20342722E+01 7.68427999E-05
1.20424585E+01 7.63278367E-05
1.20506458E+01 7.58639580E-05
1.20588322E+01 7.54386347E-05
1.20670185E+01 7.50385007E-05
1.20752048E+01 7.46501901E-05
1.20833921E+01 7.42603443E-05
1.20915785E+01 7.38555827E-05
1.20997648E+01 7.34225468E-05
1.21079512E+01 7.29478706E-05
1.21161385E+01 7.24181955E-05
1.21243248E+01 7.18268639E-05
1.21325111E+01 7.11853936E-05
1.21406975E+01 7.05083876E-05
1.21488848E+01 6.98104122E-05
1.21570711E+01 6.91060632E-05
1.21652575E+01 6.84099286E-05
1.21734438E+01 6.77365824E-05
1.21816311E+01 6.71006128E-05
1.21898174E+01 6.65166153E-05
1.21980038E+01 6.59958678E-05
1.22061901E+01 6.55306212E-05
1.22143774E+01 6.51063237E-05
1.22225637E+01 6.47084235E-05
1.22307501E+01 6.43223466E-05
1.22389364E+01 6.39335340E-05
1.22471237E+01 6.35274337E-05
1.22553101E+01 6.30894647E-05
1.22634964E+01 6.26050823E-05
1.22716827E+01 6.20609935E-05
1.22798700E+01 6.14596065E-05
1.22880564E+01 6.08138362E-05
1.22962427E+01 6.01368083E-05
1.23044291E+01 5.94416415E-05
1.23126163E+01 5.87414506E-05
1.23208027E+01 5.80493579E-05
1.23289890E+01 5.73784782E-05
1.23371754E+01 5.67419374E-05
1.23453627E+01 5.61526322E-05
1.23535490E+01 5.56148734E-05
1.23617353E+01 5.51218291E-05
1.23699217E+01 5.46659212E-05
1.23781090E+01 5.42395719E-05
1.23862953E+01 5.38351997E-05
1.23944817E+01 5.34452302E-05
1.24026680E+01 5.30620855E-05
1.24108553E+01 5.26781805E-05
1.24190416E+01 5.22859518E-05
1.24272280E+01 5.18803718E-05
1.24354143E+01 5.14625353E-05
1.24436016E+01 5.10344435E-05
1.24517879E+01 5.05980970E-05
1.24599743E+01 5.01555005E-05
1.24681606E+01 4.97086512E-05
1.24763479E+01 4.92595536E-05
1.24845343E+01 4.88102050E-05
1.24927206E+01 4.83626100E-05
1.25009069E+01 4.79184382E-05
1.25090942E+01 0.00000000E+00
1.25172806E+01 0.00000000E+00
1.25254669E+01 0.00000000E+00
1.25336533E+01 0.00000000E+00
1.25418406E+01 0.00000000E+00
1.25500269E+01 0.00000000E+00
1.25582132E+01 0.00000000E+00
1.25663996E+01 0.00000000E+00
